   1.00000000      0.841470957    
   2.00000000      0.454648703    
   3.00000000       4.70400006E-02
   4.00000000     -0.189200625    
   5.00000000     -0.191784859    
   6.00000000      -4.65692468E-02
   7.00000000       9.38552245E-02
   8.00000000      0.123669781    
   9.00000000       4.57909442E-02
   10.0000000      -5.44021130E-02
   11.0000000      -9.09081995E-02
   12.0000000      -4.47144099E-02
   13.0000000       3.23205404E-02
   14.0000000       7.07576722E-02
   15.0000000       4.33525257E-02
   16.0000000      -1.79939568E-02
   17.0000000      -5.65527938E-02
   18.0000000      -4.17215116E-02
   19.0000000       7.88827427E-03
   20.0000000       4.56472635E-02
   21.0000000       3.98407429E-02
   22.0000000      -4.02332254E-04
   23.0000000      -3.67921926E-02
   24.0000000      -3.77324335E-02
   25.0000000      -5.29407011E-03
   26.0000000       2.93291714E-02
   27.0000000       3.54213305E-02
   28.0000000       9.67520662E-03
   29.0000000      -2.28839274E-02
   30.0000000      -3.29343863E-02
   31.0000000      -1.30334729E-02
   32.0000000       1.72320846E-02
   33.0000000       3.03003583E-02
   34.0000000       1.55612547E-02
   35.0000000      -1.22337900E-02
   36.0000000      -2.75494121E-02
   37.0000000      -1.73929222E-02
   38.0000000       7.79917277E-03
   39.0000000       2.47127023E-02
   40.0000000       1.86278280E-02
   41.0000000      -3.86884552E-03
   42.0000000      -2.18219422E-02
   43.0000000      -1.93435997E-02
   44.0000000       4.02316480E-04
   45.0000000       1.89089663E-02
   46.0000000       1.96040943E-02
   47.0000000       2.62921536E-03
   48.0000000      -1.60053056E-02
   49.0000000      -1.94643401E-02
   50.0000000      -5.24749700E-03
   51.0000000       1.31417485E-02
   52.0000000       1.89736076E-02
   53.0000000       7.47028599E-03
   54.0000000      -1.03479456E-02
   55.0000000      -1.81773659E-02
   56.0000000      -9.31341108E-03
   57.0000000       7.65201356E-03
   58.0000000       1.71184950E-02
   59.0000000       1.07921697E-02
   60.0000000      -5.08017698E-03
   61.0000000      -1.58379972E-02
   62.0000000      -1.19222691E-02
   63.0000000       2.65643978E-03
   64.0000000       1.43754072E-02
   65.0000000       1.27204405E-02
   66.0000000      -4.02290199E-04
   67.0000000      -1.27689540E-02
   68.0000000      -1.32048195E-02
   69.0000000      -1.66354806E-03
   70.0000000       1.10555813E-02
   71.0000000       1.33951353E-02
   72.0000000       3.52532463E-03
   73.0000000      -9.27084871E-03
   74.0000000      -1.33127877E-02
   75.0000000      -5.17042214E-03
   76.0000000       7.44878454E-03
   77.0000000       1.29807815E-02
   78.0000000       6.58946764E-03
   79.0000000      -5.62167913E-03
   80.0000000      -1.24236085E-02
   81.0000000      -7.77639495E-03
   82.0000000       3.81986331E-03
   83.0000000       1.16670420E-02
   84.0000000       8.72845575E-03
   85.0000000      -2.07147794E-03
   86.0000000      -1.07378894E-02
   87.0000000      -9.44618136E-03
   88.0000000       4.02253470E-04
   89.0000000       9.66370106E-03
   90.0000000       9.93329659E-03
   91.0000000       1.16469793E-03
   92.0000000      -8.47245753E-03
   93.0000000      -1.01965824E-02
   94.0000000      -2.60906364E-03
   95.0000000       7.19222846E-03
   96.0000000       1.02457060E-02
   97.0000000       3.91348172E-03
   98.0000000      -5.85083524E-03
   99.0000000      -1.00929989E-02
   100.000000      -5.06365672E-03
