# Time,  X_Simple,  X_Modified,  X_Improved,  X_exact,  Y_Simple,  Y_Modified,  Y_Improved,  Y_exact
0.000000	0.000000	0.000000	0.000000	0.000000	0.000000	0.000000	0.000000	0.000000
0.010000	0.125000	0.125000	0.125000	0.125000	0.216506	0.216016	0.216016	0.216016
0.020000	0.250000	0.250000	0.250000	0.250000	0.432032	0.431051	0.431051	0.431051
0.030000	0.375000	0.375000	0.375000	0.375000	0.646576	0.645105	0.645105	0.645105
0.040000	0.500000	0.500000	0.500000	0.500000	0.860139	0.858177	0.858177	0.858177
0.050000	0.625000	0.625000	0.625000	0.625000	1.072722	1.070269	1.070269	1.070269
0.060000	0.750000	0.750000	0.750000	0.750000	1.284323	1.281380	1.281380	1.281380
0.070000	0.875000	0.875000	0.875000	0.875000	1.494943	1.491510	1.491510	1.491510
0.080000	1.000000	1.000000	1.000000	1.000000	1.704583	1.700659	1.700659	1.700659
0.090000	1.125000	1.125000	1.125000	1.125000	1.913241	1.908827	1.908827	1.908827
0.100000	1.250000	1.250000	1.250000	1.250000	2.120919	2.116014	2.116014	2.116014
0.110000	1.375000	1.375000	1.375000	1.375000	2.327615	2.322219	2.322219	2.322219
0.120000	1.500000	1.500000	1.500000	1.500000	2.533330	2.527444	2.527444	2.527444
0.130000	1.625000	1.625000	1.625000	1.625000	2.738065	2.731688	2.731688	2.731688
0.140000	1.750000	1.750000	1.750000	1.750000	2.941818	2.934951	2.934951	2.934951
0.150000	1.875000	1.875000	1.875000	1.875000	3.144590	3.137233	3.137233	3.137233
0.160000	2.000000	2.000000	2.000000	2.000000	3.346382	3.338534	3.338534	3.338534
0.170000	2.125000	2.125000	2.125000	2.125000	3.547192	3.538853	3.538853	3.538853
0.180000	2.250000	2.250000	2.250000	2.250000	3.747021	3.738192	3.738192	3.738192
0.190000	2.375000	2.375000	2.375000	2.375000	3.945870	3.936550	3.936550	3.936550
0.200000	2.500000	2.500000	2.500000	2.500000	4.143737	4.133927	4.133927	4.133927
0.210000	2.625000	2.625000	2.625000	2.625000	4.340623	4.330323	4.330323	4.330323
0.220000	2.750000	2.750000	2.750000	2.750000	4.536529	4.525738	4.525738	4.525738
0.230000	2.875000	2.875000	2.875000	2.875000	4.731453	4.720172	4.720172	4.720172
0.240000	3.000000	3.000000	3.000000	3.000000	4.925396	4.913624	4.913624	4.913624
0.250000	3.125000	3.125000	3.125000	3.125000	5.118359	5.106096	5.106096	5.106096
0.260000	3.250000	3.250000	3.250000	3.250000	5.310340	5.297587	5.297587	5.297587
0.270000	3.375000	3.375000	3.375000	3.375000	5.501340	5.488097	5.488097	5.488097
0.280000	3.500000	3.500000	3.500000	3.500000	5.691360	5.677626	5.677626	5.677626
0.290000	3.625000	3.625000	3.625000	3.625000	5.880398	5.866174	5.866174	5.866174
0.300000	3.750000	3.750000	3.750000	3.750000	6.068456	6.053741	6.053741	6.053741
0.310000	3.875000	3.875000	3.875000	3.875000	6.255532	6.240326	6.240326	6.240326
0.320000	4.000000	4.000000	4.000000	4.000000	6.441627	6.425931	6.425931	6.425931
0.330000	4.125000	4.125000	4.125000	4.125000	6.626742	6.610555	6.610555	6.610555
0.340000	4.250000	4.250000	4.250000	4.250000	6.810875	6.794198	6.794198	6.794198
0.350000	4.375000	4.375000	4.375000	4.375000	6.994027	6.976860	6.976860	6.976860
0.360000	4.500000	4.500000	4.500000	4.500000	7.176199	7.158541	7.158541	7.158541
0.370000	4.625000	4.625000	4.625000	4.625000	7.357389	7.339240	7.339240	7.339240
0.380000	4.750000	4.750000	4.750000	4.750000	7.537598	7.518959	7.518959	7.518959
0.390000	4.875000	4.875000	4.875000	4.875000	7.716827	7.697697	7.697697	7.697697
0.400000	5.000000	5.000000	5.000000	5.000000	7.895074	7.875454	7.875454	7.875454
0.410000	5.125000	5.125000	5.125000	5.125000	8.072340	8.052230	8.052230	8.052230
0.420000	5.250000	5.250000	5.250000	5.250000	8.248626	8.228025	8.228025	8.228025
0.430000	5.375000	5.375000	5.375000	5.375000	8.423930	8.402839	8.402839	8.402839
0.440000	5.500000	5.500000	5.500000	5.500000	8.598253	8.576671	8.576671	8.576671
0.450000	5.625000	5.625000	5.625000	5.625000	8.771596	8.749523	8.749523	8.749523
0.460000	5.750000	5.750000	5.750000	5.750000	8.943957	8.921394	8.921394	8.921394
0.470000	5.875000	5.875000	5.875000	5.875000	9.115337	9.092284	9.092284	9.092284
0.480000	6.000000	6.000000	6.000000	6.000000	9.285737	9.262193	9.262193	9.262193
0.490000	6.125000	6.125000	6.125000	6.125000	9.455155	9.431121	9.431121	9.431121
0.500000	6.250000	6.250000	6.250000	6.250000	9.623593	9.599068	9.599068	9.599068
0.510000	6.375000	6.375000	6.375000	6.375000	9.791049	9.766033	9.766033	9.766033
0.520000	6.500000	6.500000	6.500000	6.500000	9.957524	9.932018	9.932018	9.932018
0.530000	6.625000	6.625000	6.625000	6.625000	10.123019	10.097022	10.097022	10.097022
0.540000	6.750000	6.750000	6.750000	6.750000	10.287532	10.261045	10.261045	10.261045
0.550000	6.875000	6.875000	6.875000	6.875000	10.451064	10.424087	10.424087	10.424087
0.560000	7.000000	7.000000	7.000000	7.000000	10.613616	10.586148	10.586148	10.586148
0.570000	7.125000	7.125000	7.125000	7.125000	10.775186	10.747228	10.747228	10.747228
0.580000	7.250000	7.250000	7.250000	7.250000	10.935775	10.907326	10.907326	10.907326
0.590000	7.375000	7.375000	7.375000	7.375000	11.095384	11.066444	11.066444	11.066444
0.600000	7.500000	7.500000	7.500000	7.500000	11.254011	11.224581	11.224581	11.224581
0.610000	7.625000	7.625000	7.625000	7.625000	11.411657	11.381737	11.381737	11.381737
0.620000	7.750000	7.750000	7.750000	7.750000	11.568323	11.537912	11.537912	11.537912
0.630000	7.875000	7.875000	7.875000	7.875000	11.724007	11.693106	11.693106	11.693106
0.640000	8.000000	8.000000	8.000000	8.000000	11.878710	11.847318	11.847318	11.847318
0.650000	8.125000	8.125000	8.125000	8.125000	12.032433	12.000550	12.000550	12.000550
0.660000	8.250000	8.250000	8.250000	8.250000	12.185174	12.152801	12.152801	12.152801
0.670000	8.375000	8.375000	8.375000	8.375000	12.336935	12.304071	12.304071	12.304071
0.680000	8.500000	8.500000	8.500000	8.500000	12.487714	12.454360	12.454360	12.454360
0.690000	8.625000	8.625000	8.625000	8.625000	12.637512	12.603668	12.603668	12.603668
0.700000	8.750000	8.750000	8.750000	8.750000	12.786330	12.751995	12.751995	12.751995
0.710000	8.875000	8.875000	8.875000	8.875000	12.934166	12.899340	12.899340	12.899340
0.720000	9.000000	9.000000	9.000000	9.000000	13.081021	13.045705	13.045705	13.045705
0.730000	9.125000	9.125000	9.125000	9.125000	13.226896	13.191089	13.191089	13.191089
0.740000	9.250000	9.250000	9.250000	9.250000	13.371789	13.335492	13.335492	13.335492
0.750000	9.375000	9.375000	9.375000	9.375000	13.515701	13.478914	13.478914	13.478914
0.760000	9.500000	9.500000	9.500000	9.500000	13.658633	13.621355	13.621355	13.621355
0.770000	9.625000	9.625000	9.625000	9.625000	13.800583	13.762815	13.762815	13.762815
0.780000	9.750000	9.750000	9.750000	9.750000	13.941552	13.903293	13.903293	13.903293
0.790000	9.875000	9.875000	9.875000	9.875000	14.081541	14.042791	14.042791	14.042791
0.800000	10.000000	10.000000	10.000000	10.000000	14.220548	14.181308	14.181308	14.181308
0.810000	10.125000	10.125000	10.125000	10.125000	14.358574	14.318844	14.318844	14.318844
0.820000	10.250000	10.250000	10.250000	10.250000	14.495620	14.455399	14.455399	14.455399
0.830000	10.375000	10.375000	10.375000	10.375000	14.631684	14.590973	14.590973	14.590973
0.840000	10.500000	10.500000	10.500000	10.500000	14.766767	14.725565	14.725565	14.725565
0.850000	10.625000	10.625000	10.625000	10.625000	14.900870	14.859177	14.859177	14.859177
0.860000	10.750000	10.750000	10.750000	10.750000	15.033991	14.991808	14.991808	14.991808
0.870000	10.875000	10.875000	10.875000	10.875000	15.166132	15.123458	15.123458	15.123458
0.880000	11.000000	11.000000	11.000000	11.000000	15.297291	15.254127	15.254127	15.254127
0.890000	11.125000	11.125000	11.125000	11.125000	15.427469	15.383815	15.383815	15.383815
0.900000	11.250000	11.250000	11.250000	11.250000	15.556667	15.512522	15.512522	15.512522
0.910000	11.375000	11.375000	11.375000	11.375000	15.684883	15.640247	15.640247	15.640247
0.920000	11.500000	11.500000	11.500000	11.500000	15.812118	15.766992	15.766992	15.766992
0.930000	11.625000	11.625000	11.625000	11.625000	15.938373	15.892756	15.892756	15.892756
0.940000	11.750000	11.750000	11.750000	11.750000	16.063646	16.017539	16.017539	16.017539
0.950000	11.875000	11.875000	11.875000	11.875000	16.187938	16.141341	16.141341	16.141341
0.960000	12.000000	12.000000	12.000000	12.000000	16.311250	16.264162	16.264162	16.264162
0.970000	12.125000	12.125000	12.125000	12.125000	16.433580	16.386002	16.386002	16.386002
0.980000	12.250000	12.250000	12.250000	12.250000	16.554929	16.506860	16.506860	16.506860
0.990000	12.375000	12.375000	12.375000	12.375000	16.675298	16.626738	16.626738	16.626738
1.000000	12.500000	12.500000	12.500000	12.500000	16.794685	16.745635	16.745635	16.745635
1.010000	12.625000	12.625000	12.625000	12.625000	16.913091	16.863551	16.863551	16.863551
1.020000	12.750000	12.750000	12.750000	12.750000	17.030517	16.980486	16.980486	16.980486
1.030000	12.875000	12.875000	12.875000	12.875000	17.146961	17.096440	17.096440	17.096440
1.040000	13.000000	13.000000	13.000000	13.000000	17.262424	17.211412	17.211412	17.211412
1.050000	13.125000	13.125000	13.125000	13.125000	17.376907	17.325404	17.325404	17.325404
1.060000	13.250000	13.250000	13.250000	13.250000	17.490408	17.438415	17.438415	17.438415
1.070000	13.375000	13.375000	13.375000	13.375000	17.602929	17.550445	17.550445	17.550445
1.080000	13.500000	13.500000	13.500000	13.500000	17.714468	17.661494	17.661494	17.661494
1.090000	13.625000	13.625000	13.625000	13.625000	17.825026	17.771562	17.771562	17.771562
1.100000	13.750000	13.750000	13.750000	13.750000	17.934604	17.880649	17.880649	17.880649
1.110000	13.875000	13.875000	13.875000	13.875000	18.043200	17.988754	17.988754	17.988754
1.120000	14.000000	14.000000	14.000000	14.000000	18.150815	18.095879	18.095879	18.095879
1.130000	14.125000	14.125000	14.125000	14.125000	18.257450	18.202023	18.202023	18.202023
1.140000	14.250000	14.250000	14.250000	14.250000	18.363103	18.307186	18.307186	18.307186
1.150000	14.375000	14.375000	14.375000	14.375000	18.467775	18.411368	18.411368	18.411368
1.160000	14.500000	14.500000	14.500000	14.500000	18.571467	18.514569	18.514569	18.514569
1.170000	14.625000	14.625000	14.625000	14.625000	18.674177	18.616789	18.616789	18.616789
1.180000	14.750000	14.750000	14.750000	14.750000	18.775906	18.718027	18.718027	18.718027
1.190000	14.875000	14.875000	14.875000	14.875000	18.876655	18.818285	18.818285	18.818285
1.200000	15.000000	15.000000	15.000000	15.000000	18.976422	18.917562	18.917562	18.917562
1.210000	15.125000	15.125000	15.125000	15.125000	19.075208	19.015858	19.015858	19.015858
1.220000	15.250000	15.250000	15.250000	15.250000	19.173014	19.113173	19.113173	19.113173
1.230000	15.375000	15.375000	15.375000	15.375000	19.269838	19.209507	19.209507	19.209507
1.240000	15.500000	15.500000	15.500000	15.500000	19.365682	19.304860	19.304860	19.304860
1.250000	15.625000	15.625000	15.625000	15.625000	19.460544	19.399231	19.399231	19.399231
1.260000	15.750000	15.750000	15.750000	15.750000	19.554425	19.492622	19.492622	19.492622
1.270000	15.875000	15.875000	15.875000	15.875000	19.647326	19.585032	19.585032	19.585032
1.280000	16.000000	16.000000	16.000000	16.000000	19.739245	19.676461	19.676461	19.676461
1.290000	16.125000	16.125000	16.125000	16.125000	19.830183	19.766909	19.766909	19.766909
1.300000	16.250000	16.250000	16.250000	16.250000	19.920141	19.856376	19.856376	19.856376
1.310000	16.375000	16.375000	16.375000	16.375000	20.009117	19.944861	19.944861	19.944861
1.320000	16.500000	16.500000	16.500000	16.500000	20.097112	20.032366	20.032366	20.032366
1.330000	16.625000	16.625000	16.625000	16.625000	20.184127	20.118890	20.118890	20.118890
1.340000	16.750000	16.750000	16.750000	16.750000	20.270160	20.204433	20.204433	20.204433
1.350000	16.875000	16.875000	16.875000	16.875000	20.355212	20.288995	20.288995	20.288995
1.360000	17.000000	17.000000	17.000000	17.000000	20.439284	20.372576	20.372576	20.372576
1.370000	17.125000	17.125000	17.125000	17.125000	20.522374	20.455176	20.455176	20.455176
1.380000	17.250000	17.250000	17.250000	17.250000	20.604483	20.536794	20.536794	20.536794
1.390000	17.375000	17.375000	17.375000	17.375000	20.685612	20.617432	20.617432	20.617432
1.400000	17.500000	17.500000	17.500000	17.500000	20.765759	20.697089	20.697089	20.697089
1.410000	17.625000	17.625000	17.625000	17.625000	20.844925	20.775765	20.775765	20.775765
1.420000	17.750000	17.750000	17.750000	17.750000	20.923111	20.853460	20.853460	20.853460
1.430000	17.875000	17.875000	17.875000	17.875000	21.000315	20.930174	20.930174	20.930174
1.440000	18.000000	18.000000	18.000000	18.000000	21.076539	21.005907	21.005907	21.005907
1.450000	18.125000	18.125000	18.125000	18.125000	21.151781	21.080658	21.080658	21.080658
1.460000	18.250000	18.250000	18.250000	18.250000	21.226042	21.154429	21.154429	21.154429
1.470000	18.375000	18.375000	18.375000	18.375000	21.299323	21.227219	21.227219	21.227219
1.480000	18.500000	18.500000	18.500000	18.500000	21.371622	21.299028	21.299028	21.299028
1.490000	18.625000	18.625000	18.625000	18.625000	21.442940	21.369856	21.369856	21.369856
1.500000	18.750000	18.750000	18.750000	18.750000	21.513278	21.439703	21.439703	21.439703
1.510000	18.875000	18.875000	18.875000	18.875000	21.582634	21.508568	21.508568	21.508568
1.520000	19.000000	19.000000	19.000000	19.000000	21.651009	21.576453	21.576453	21.576453
1.530000	19.125000	19.125000	19.125000	19.125000	21.718404	21.643357	21.643357	21.643357
1.540000	19.250000	19.250000	19.250000	19.250000	21.784817	21.709280	21.709280	21.709280
1.550000	19.375000	19.375000	19.375000	19.375000	21.850249	21.774222	21.774222	21.774222
1.560000	19.500000	19.500000	19.500000	19.500000	21.914701	21.838183	21.838183	21.838183
1.570000	19.625000	19.625000	19.625000	19.625000	21.978171	21.901163	21.901163	21.901163
1.580000	19.750000	19.750000	19.750000	19.750000	22.040660	21.963161	21.963161	21.963161
1.590000	19.875000	19.875000	19.875000	19.875000	22.102169	22.024179	22.024179	22.024179
1.600000	20.000000	20.000000	20.000000	20.000000	22.162696	22.084216	22.084216	22.084216
1.610000	20.125000	20.125000	20.125000	20.125000	22.222243	22.143272	22.143272	22.143272
1.620000	20.250000	20.250000	20.250000	20.250000	22.280808	22.201347	22.201347	22.201347
1.630000	20.375000	20.375000	20.375000	20.375000	22.338392	22.258441	22.258441	22.258441
1.640000	20.500000	20.500000	20.500000	20.500000	22.394996	22.314554	22.314554	22.314554
1.650000	20.625000	20.625000	20.625000	20.625000	22.450618	22.369685	22.369685	22.369685
1.660000	20.750000	20.750000	20.750000	20.750000	22.505259	22.423836	22.423836	22.423836
1.670000	20.875000	20.875000	20.875000	20.875000	22.558920	22.477006	22.477006	22.477006
1.680000	21.000000	21.000000	21.000000	21.000000	22.611599	22.529195	22.529195	22.529195
1.690000	21.125000	21.125000	21.125000	21.125000	22.663297	22.580403	22.580403	22.580403
1.700000	21.250000	21.250000	21.250000	21.250000	22.714015	22.630630	22.630630	22.630630
1.710000	21.375000	21.375000	21.375000	21.375000	22.763751	22.679876	22.679876	22.679876
1.720000	21.500000	21.500000	21.500000	21.500000	22.812506	22.728140	22.728140	22.728140
1.730000	21.625000	21.625000	21.625000	21.625000	22.860281	22.775424	22.775424	22.775424
1.740000	21.750000	21.750000	21.750000	21.750000	22.907074	22.821727	22.821727	22.821727
1.750000	21.875000	21.875000	21.875000	21.875000	22.952886	22.867049	22.867049	22.867049
1.760000	22.000000	22.000000	22.000000	22.000000	22.997718	22.911390	22.911390	22.911390
1.770000	22.125000	22.125000	22.125000	22.125000	23.041568	22.954750	22.954750	22.954750
1.780000	22.250000	22.250000	22.250000	22.250000	23.084437	22.997128	22.997128	22.997128
1.790000	22.375000	22.375000	22.375000	22.375000	23.126326	23.038526	23.038526	23.038526
1.800000	22.500000	22.500000	22.500000	22.500000	23.167233	23.078943	23.078943	23.078943
1.810000	22.625000	22.625000	22.625000	22.625000	23.207160	23.118379	23.118379	23.118379
1.820000	22.750000	22.750000	22.750000	22.750000	23.246105	23.156834	23.156834	23.156834
1.830000	22.875000	22.875000	22.875000	22.875000	23.284069	23.194308	23.194308	23.194308
1.840000	23.000000	23.000000	23.000000	23.000000	23.321053	23.230801	23.230801	23.230801
1.850000	23.125000	23.125000	23.125000	23.125000	23.357055	23.266312	23.266312	23.266312
1.860000	23.250000	23.250000	23.250000	23.250000	23.392076	23.300843	23.300843	23.300843
1.870000	23.375000	23.375000	23.375000	23.375000	23.426117	23.334393	23.334393	23.334393
1.880000	23.500000	23.500000	23.500000	23.500000	23.459176	23.366962	23.366962	23.366962
1.890000	23.625000	23.625000	23.625000	23.625000	23.491254	23.398550	23.398550	23.398550
1.900000	23.750000	23.750000	23.750000	23.750000	23.522352	23.429157	23.429157	23.429157
1.910000	23.875000	23.875000	23.875000	23.875000	23.552468	23.458783	23.458783	23.458783
1.920000	24.000000	24.000000	24.000000	24.000000	23.581603	23.487427	23.487427	23.487427
1.930000	24.125000	24.125000	24.125000	24.125000	23.609758	23.515091	23.515091	23.515091
1.940000	24.250000	24.250000	24.250000	24.250000	23.636931	23.541774	23.541774	23.541774
1.950000	24.375000	24.375000	24.375000	24.375000	23.663123	23.567476	23.567476	23.567476
1.960000	24.500000	24.500000	24.500000	24.500000	23.688335	23.592197	23.592197	23.592197
1.970000	24.625000	24.625000	24.625000	24.625000	23.712565	23.615937	23.615937	23.615937
1.980000	24.750000	24.750000	24.750000	24.750000	23.735814	23.638695	23.638695	23.638695
1.990000	24.875000	24.875000	24.875000	24.875000	23.758083	23.660473	23.660473	23.660473
2.000000	25.000000	25.000000	25.000000	25.000000	23.779370	23.681270	23.681270	23.681270
2.010000	25.125000	25.125000	25.125000	25.125000	23.799677	23.701086	23.701086	23.701086
2.020000	25.250000	25.250000	25.250000	25.250000	23.819002	23.719921	23.719921	23.719921
2.030000	25.375000	25.375000	25.375000	25.375000	23.837346	23.737775	23.737775	23.737775
2.040000	25.500000	25.500000	25.500000	25.500000	23.854710	23.754648	23.754648	23.754648
2.050000	25.625000	25.625000	25.625000	25.625000	23.871092	23.770539	23.770539	23.770539
2.060000	25.750000	25.750000	25.750000	25.750000	23.886493	23.785450	23.785450	23.785450
2.070000	25.875000	25.875000	25.875000	25.875000	23.900914	23.799380	23.799380	23.799380
2.080000	26.000000	26.000000	26.000000	26.000000	23.914353	23.812329	23.812329	23.812329
2.090000	26.125000	26.125000	26.125000	26.125000	23.926811	23.824297	23.824297	23.824297
2.100000	26.250000	26.250000	26.250000	26.250000	23.938289	23.835284	23.835284	23.835284
2.110000	26.375000	26.375000	26.375000	26.375000	23.948785	23.845290	23.845290	23.845290
2.120000	26.500000	26.500000	26.500000	26.500000	23.958300	23.854314	23.854314	23.854314
2.130000	26.625000	26.625000	26.625000	26.625000	23.966835	23.862358	23.862358	23.862358
2.140000	26.750000	26.750000	26.750000	26.750000	23.974388	23.869421	23.869421	23.869421
2.150000	26.875000	26.875000	26.875000	26.875000	23.980960	23.875503	23.875503	23.875503
2.160000	27.000000	27.000000	27.000000	27.000000	23.986552	23.880604	23.880604	23.880604
2.170000	27.125000	27.125000	27.125000	27.125000	23.991162	23.884724	23.884724	23.884724
2.180000	27.250000	27.250000	27.250000	27.250000	23.994792	23.887863	23.887863	23.887863
2.190000	27.375000	27.375000	27.375000	27.375000	23.997440	23.890020	23.890020	23.890020
2.200000	27.500000	27.500000	27.500000	27.500000	23.999107	23.891197	23.891197	23.891197
2.210000	27.625000	27.625000	27.625000	27.625000	23.999794	23.891393	23.891393	23.891393
2.220000	27.750000	27.750000	27.750000	27.750000	23.999499	23.890608	23.890608	23.890608
2.230000	27.875000	27.875000	27.875000	27.875000	23.998223	23.888842	23.888842	23.888842
2.240000	28.000000	28.000000	28.000000	28.000000	23.995967	23.886095	23.886095	23.886095
2.250000	28.125000	28.125000	28.125000	28.125000	23.992729	23.882366	23.882366	23.882366
2.260000	28.250000	28.250000	28.250000	28.250000	23.988510	23.877657	23.877657	23.877657
2.270000	28.375000	28.375000	28.375000	28.375000	23.983311	23.871967	23.871967	23.871967
2.280000	28.500000	28.500000	28.500000	28.500000	23.977130	23.865296	23.865296	23.865296
2.290000	28.625000	28.625000	28.625000	28.625000	23.969968	23.857644	23.857644	23.857644
2.300000	28.750000	28.750000	28.750000	28.750000	23.961826	23.849011	23.849011	23.849011
2.310000	28.875000	28.875000	28.875000	28.875000	23.952702	23.839397	23.839397	23.839397
2.320000	29.000000	29.000000	29.000000	29.000000	23.942597	23.828801	23.828801	23.828801
2.330000	29.125000	29.125000	29.125000	29.125000	23.931512	23.817225	23.817225	23.817225
2.340000	29.250000	29.250000	29.250000	29.250000	23.919445	23.804668	23.804668	23.804668
2.350000	29.375000	29.375000	29.375000	29.375000	23.906397	23.791130	23.791130	23.791130
2.360000	29.500000	29.500000	29.500000	29.500000	23.892369	23.776611	23.776611	23.776611
2.370000	29.625000	29.625000	29.625000	29.625000	23.877359	23.761111	23.761111	23.761111
2.380000	29.750000	29.750000	29.750000	29.750000	23.861369	23.744630	23.744630	23.744630
2.390000	29.875000	29.875000	29.875000	29.875000	23.844397	23.727167	23.727167	23.727167
2.400000	30.000000	30.000000	30.000000	30.000000	23.826444	23.708724	23.708724	23.708724
2.410000	30.125000	30.125000	30.125000	30.125000	23.807511	23.689300	23.689300	23.689300
2.420000	30.250000	30.250000	30.250000	30.250000	23.787596	23.668895	23.668895	23.668895
2.430000	30.375000	30.375000	30.375000	30.375000	23.766700	23.647509	23.647509	23.647509
2.440000	30.500000	30.500000	30.500000	30.500000	23.744824	23.625142	23.625142	23.625142
2.450000	30.625000	30.625000	30.625000	30.625000	23.721966	23.601793	23.601793	23.601793
2.460000	30.750000	30.750000	30.750000	30.750000	23.698127	23.577464	23.577464	23.577464
2.470000	30.875000	30.875000	30.875000	30.875000	23.673308	23.552154	23.552154	23.552154
2.480000	31.000000	31.000000	31.000000	31.000000	23.647507	23.525863	23.525863	23.525863
2.490000	31.125000	31.125000	31.125000	31.125000	23.620725	23.498591	23.498591	23.498591
2.500000	31.250000	31.250000	31.250000	31.250000	23.592963	23.470338	23.470338	23.470338
2.510000	31.375000	31.375000	31.375000	31.375000	23.564219	23.441104	23.441104	23.441104
2.520000	31.500000	31.500000	31.500000	31.500000	23.534494	23.410888	23.410888	23.410888
2.530000	31.625000	31.625000	31.625000	31.625000	23.503789	23.379692	23.379692	23.379692
2.540000	31.750000	31.750000	31.750000	31.750000	23.472102	23.347515	23.347515	23.347515
2.550000	31.875000	31.875000	31.875000	31.875000	23.439434	23.314357	23.314357	23.314357
2.560000	32.000000	32.000000	32.000000	32.000000	23.405786	23.280218	23.280218	23.280218
2.570000	32.125000	32.125000	32.125000	32.125000	23.371156	23.245098	23.245098	23.245098
2.580000	32.250000	32.250000	32.250000	32.250000	23.335546	23.208997	23.208997	23.208997
2.590000	32.375000	32.375000	32.375000	32.375000	23.298954	23.171914	23.171914	23.171914
2.600000	32.500000	32.500000	32.500000	32.500000	23.261381	23.133851	23.133851	23.133851
2.610000	32.625000	32.625000	32.625000	32.625000	23.222828	23.094807	23.094807	23.094807
2.620000	32.750000	32.750000	32.750000	32.750000	23.183293	23.054782	23.054782	23.054782
2.630000	32.875000	32.875000	32.875000	32.875000	23.142777	23.013776	23.013776	23.013776
2.640000	33.000000	33.000000	33.000000	33.000000	23.101281	22.971789	22.971789	22.971789
2.650000	33.125000	33.125000	33.125000	33.125000	23.058803	22.928821	22.928821	22.928821
2.660000	33.250000	33.250000	33.250000	33.250000	23.015344	22.884871	22.884871	22.884871
2.670000	33.375000	33.375000	33.375000	33.375000	22.970905	22.839941	22.839941	22.839941
2.680000	33.500000	33.500000	33.500000	33.500000	22.925484	22.794030	22.794030	22.794030
2.690000	33.625000	33.625000	33.625000	33.625000	22.879082	22.747138	22.747138	22.747138
2.700000	33.750000	33.750000	33.750000	33.750000	22.831700	22.699265	22.699265	22.699265
2.710000	33.875000	33.875000	33.875000	33.875000	22.783336	22.650411	22.650411	22.650411
2.720000	34.000000	34.000000	34.000000	34.000000	22.733991	22.600575	22.600575	22.600575
2.730000	34.125000	34.125000	34.125000	34.125000	22.683666	22.549759	22.549759	22.549759
2.740000	34.250000	34.250000	34.250000	34.250000	22.632359	22.497962	22.497962	22.497962
2.750000	34.375000	34.375000	34.375000	34.375000	22.580072	22.445184	22.445184	22.445184
2.760000	34.500000	34.500000	34.500000	34.500000	22.526803	22.391425	22.391425	22.391425
2.770000	34.625000	34.625000	34.625000	34.625000	22.472553	22.336685	22.336685	22.336685
2.780000	34.750000	34.750000	34.750000	34.750000	22.417323	22.280964	22.280964	22.280964
2.790000	34.875000	34.875000	34.875000	34.875000	22.361111	22.224261	22.224261	22.224261
2.800000	35.000000	35.000000	35.000000	35.000000	22.303918	22.166578	22.166578	22.166578
2.810000	35.125000	35.125000	35.125000	35.125000	22.245745	22.107914	22.107914	22.107914
2.820000	35.250000	35.250000	35.250000	35.250000	22.186590	22.048269	22.048269	22.048269
2.830000	35.375000	35.375000	35.375000	35.375000	22.126454	21.987643	21.987643	21.987643
2.840000	35.500000	35.500000	35.500000	35.500000	22.065338	21.926036	21.926036	21.926036
2.850000	35.625000	35.625000	35.625000	35.625000	22.003240	21.863448	21.863448	21.863448
2.860000	35.750000	35.750000	35.750000	35.750000	21.940161	21.799878	21.799878	21.799878
2.870000	35.875000	35.875000	35.875000	35.875000	21.876102	21.735328	21.735328	21.735328
2.880000	36.000000	36.000000	36.000000	36.000000	21.811061	21.669797	21.669797	21.669797
2.890000	36.125000	36.125000	36.125000	36.125000	21.745039	21.603285	21.603285	21.603285
2.900000	36.250000	36.250000	36.250000	36.250000	21.678037	21.535792	21.535792	21.535792
2.910000	36.375000	36.375000	36.375000	36.375000	21.610053	21.467318	21.467318	21.467318
2.920000	36.500000	36.500000	36.500000	36.500000	21.541088	21.397862	21.397862	21.397862
2.930000	36.625000	36.625000	36.625000	36.625000	21.471143	21.327426	21.327426	21.327426
2.940000	36.750000	36.750000	36.750000	36.750000	21.400216	21.256009	21.256009	21.256009
2.950000	36.875000	36.875000	36.875000	36.875000	21.328309	21.183611	21.183611	21.183611
2.960000	37.000000	37.000000	37.000000	37.000000	21.255420	21.110232	21.110232	21.110232
2.970000	37.125000	37.125000	37.125000	37.125000	21.181550	21.035872	21.035872	21.035872
2.980000	37.250000	37.250000	37.250000	37.250000	21.106700	20.960531	20.960531	20.960531
2.990000	37.375000	37.375000	37.375000	37.375000	21.030868	20.884208	20.884208	20.884208
3.000000	37.500000	37.500000	37.500000	37.500000	20.954055	20.806905	20.806905	20.806905
3.010000	37.625000	37.625000	37.625000	37.625000	20.876262	20.728621	20.728621	20.728621
3.020000	37.750000	37.750000	37.750000	37.750000	20.797487	20.649356	20.649356	20.649356
3.030000	37.875000	37.875000	37.875000	37.875000	20.717731	20.569110	20.569110	20.569110
3.040000	38.000000	38.000000	38.000000	38.000000	20.636995	20.487883	20.487883	20.487883
3.050000	38.125000	38.125000	38.125000	38.125000	20.555277	20.405675	20.405675	20.405675
3.060000	38.250000	38.250000	38.250000	38.250000	20.472578	20.322485	20.322485	20.322485
3.070000	38.375000	38.375000	38.375000	38.375000	20.388899	20.238315	20.238315	20.238315
3.080000	38.500000	38.500000	38.500000	38.500000	20.304238	20.153164	20.153164	20.153164
3.090000	38.625000	38.625000	38.625000	38.625000	20.218596	20.067032	20.067032	20.067032
3.100000	38.750000	38.750000	38.750000	38.750000	20.131974	19.979919	19.979919	19.979919
3.110000	38.875000	38.875000	38.875000	38.875000	20.044370	19.891825	19.891825	19.891825
3.120000	39.000000	39.000000	39.000000	39.000000	19.955785	19.802749	19.802749	19.802749
3.130000	39.125000	39.125000	39.125000	39.125000	19.866220	19.712693	19.712693	19.712693
3.140000	39.250000	39.250000	39.250000	39.250000	19.775673	19.621656	19.621656	19.621656
3.150000	39.375000	39.375000	39.375000	39.375000	19.684146	19.529638	19.529638	19.529638
3.160000	39.500000	39.500000	39.500000	39.500000	19.591637	19.436639	19.436639	19.436639
3.170000	39.625000	39.625000	39.625000	39.625000	19.498147	19.342659	19.342659	19.342659
3.180000	39.750000	39.750000	39.750000	39.750000	19.403677	19.247698	19.247698	19.247698
3.190000	39.875000	39.875000	39.875000	39.875000	19.308225	19.151755	19.151755	19.151755
3.200000	40.000000	40.000000	40.000000	40.000000	19.211792	19.054832	19.054832	19.054832
3.210000	40.125000	40.125000	40.125000	40.125000	19.114379	18.956928	18.956928	18.956928
3.220000	40.250000	40.250000	40.250000	40.250000	19.015984	18.858043	18.858043	18.858043
3.230000	40.375000	40.375000	40.375000	40.375000	18.916608	18.758177	18.758177	18.758177
3.240000	40.500000	40.500000	40.500000	40.500000	18.816252	18.657330	18.657330	18.657330
3.250000	40.625000	40.625000	40.625000	40.625000	18.714914	18.555502	18.555502	18.555502
3.260000	40.750000	40.750000	40.750000	40.750000	18.612595	18.452692	18.452692	18.452692
3.270000	40.875000	40.875000	40.875000	40.875000	18.509296	18.348902	18.348902	18.348902
3.280000	41.000000	41.000000	41.000000	41.000000	18.405015	18.244131	18.244131	18.244131
3.290000	41.125000	41.125000	41.125000	41.125000	18.299753	18.138379	18.138379	18.138379
3.300000	41.250000	41.250000	41.250000	41.250000	18.193511	18.031646	18.031646	18.031646
3.310000	41.375000	41.375000	41.375000	41.375000	18.086287	17.923932	17.923932	17.923932
3.320000	41.500000	41.500000	41.500000	41.500000	17.978083	17.815237	17.815237	17.815237
3.330000	41.625000	41.625000	41.625000	41.625000	17.868897	17.705560	17.705560	17.705560
3.340000	41.750000	41.750000	41.750000	41.750000	17.758730	17.594903	17.594903	17.594903
3.350000	41.875000	41.875000	41.875000	41.875000	17.647583	17.483265	17.483265	17.483265
3.360000	42.000000	42.000000	42.000000	42.000000	17.535454	17.370646	17.370646	17.370646
3.370000	42.125000	42.125000	42.125000	42.125000	17.422344	17.257046	17.257046	17.257046
3.380000	42.250000	42.250000	42.250000	42.250000	17.308254	17.142465	17.142465	17.142465
3.390000	42.375000	42.375000	42.375000	42.375000	17.193182	17.026902	17.026902	17.026902
3.400000	42.500000	42.500000	42.500000	42.500000	17.077129	16.910359	16.910359	16.910359
3.410000	42.625000	42.625000	42.625000	42.625000	16.960096	16.792835	16.792835	16.792835
3.420000	42.750000	42.750000	42.750000	42.750000	16.842081	16.674330	16.674330	16.674330
3.430000	42.875000	42.875000	42.875000	42.875000	16.723085	16.554844	16.554844	16.554844
3.440000	43.000000	43.000000	43.000000	43.000000	16.603109	16.434377	16.434377	16.434377
3.450000	43.125000	43.125000	43.125000	43.125000	16.482151	16.312929	16.312929	16.312929
3.460000	43.250000	43.250000	43.250000	43.250000	16.360212	16.190499	16.190499	16.190499
3.470000	43.375000	43.375000	43.375000	43.375000	16.237293	16.067089	16.067089	16.067089
3.480000	43.500000	43.500000	43.500000	43.500000	16.113392	15.942698	15.942698	15.942698
3.490000	43.625000	43.625000	43.625000	43.625000	15.988510	15.817326	15.817326	15.817326
3.500000	43.750000	43.750000	43.750000	43.750000	15.862648	15.690973	15.690973	15.690973
3.510000	43.875000	43.875000	43.875000	43.875000	15.735804	15.563639	15.563639	15.563639
3.520000	44.000000	44.000000	44.000000	44.000000	15.607980	15.435324	15.435324	15.435324
3.530000	44.125000	44.125000	44.125000	44.125000	15.479174	15.306027	15.306027	15.306027
3.540000	44.250000	44.250000	44.250000	44.250000	15.349387	15.175750	15.175750	15.175750
3.550000	44.375000	44.375000	44.375000	44.375000	15.218620	15.044492	15.044492	15.044492
3.560000	44.500000	44.500000	44.500000	44.500000	15.086871	14.912253	14.912253	14.912253
3.570000	44.625000	44.625000	44.625000	44.625000	14.954141	14.779033	14.779033	14.779033
3.580000	44.750000	44.750000	44.750000	44.750000	14.820431	14.644832	14.644832	14.644832
3.590000	44.875000	44.875000	44.875000	44.875000	14.685739	14.509649	14.509649	14.509649
3.600000	45.000000	45.000000	45.000000	45.000000	14.550066	14.373486	14.373486	14.373486
3.610000	45.125000	45.125000	45.125000	45.125000	14.413413	14.236342	14.236342	14.236342
3.620000	45.250000	45.250000	45.250000	45.250000	14.275778	14.098217	14.098217	14.098217
3.630000	45.375000	45.375000	45.375000	45.375000	14.137162	13.959111	13.959111	13.959111
3.640000	45.500000	45.500000	45.500000	45.500000	13.997566	13.819024	13.819024	13.819024
3.650000	45.625000	45.625000	45.625000	45.625000	13.856988	13.677956	13.677956	13.677956
3.660000	45.750000	45.750000	45.750000	45.750000	13.715429	13.535906	13.535906	13.535906
3.670000	45.875000	45.875000	45.875000	45.875000	13.572890	13.392876	13.392876	13.392876
3.680000	46.000000	46.000000	46.000000	46.000000	13.429369	13.248865	13.248865	13.248865
3.690000	46.125000	46.125000	46.125000	46.125000	13.284867	13.103873	13.103873	13.103873
3.700000	46.250000	46.250000	46.250000	46.250000	13.139385	12.957900	12.957900	12.957900
3.710000	46.375000	46.375000	46.375000	46.375000	12.992921	12.810946	12.810946	12.810946
3.720000	46.500000	46.500000	46.500000	46.500000	12.845477	12.663011	12.663011	12.663011
3.730000	46.625000	46.625000	46.625000	46.625000	12.697051	12.514094	12.514094	12.514094
3.740000	46.750000	46.750000	46.750000	46.750000	12.547644	12.364197	12.364197	12.364197
3.750000	46.875000	46.875000	46.875000	46.875000	12.397257	12.213319	12.213319	12.213319
3.760000	47.000000	47.000000	47.000000	47.000000	12.245888	12.061460	12.061460	12.061460
3.770000	47.125000	47.125000	47.125000	47.125000	12.093538	11.908620	11.908620	11.908620
3.780000	47.250000	47.250000	47.250000	47.250000	11.940208	11.754799	11.754799	11.754799
3.790000	47.375000	47.375000	47.375000	47.375000	11.785896	11.599997	11.599997	11.599997
3.800000	47.500000	47.500000	47.500000	47.500000	11.630603	11.444213	11.444213	11.444213
3.810000	47.625000	47.625000	47.625000	47.625000	11.474330	11.287449	11.287449	11.287449
3.820000	47.750000	47.750000	47.750000	47.750000	11.317075	11.129704	11.129704	11.129704
3.830000	47.875000	47.875000	47.875000	47.875000	11.158839	10.970978	10.970978	10.970978
3.840000	48.000000	48.000000	48.000000	48.000000	10.999623	10.811271	10.811271	10.811271
3.850000	48.125000	48.125000	48.125000	48.125000	10.839425	10.650583	10.650583	10.650583
3.860000	48.250000	48.250000	48.250000	48.250000	10.678246	10.488913	10.488913	10.488913
3.870000	48.375000	48.375000	48.375000	48.375000	10.516087	10.326263	10.326263	10.326263
3.880000	48.500000	48.500000	48.500000	48.500000	10.352946	10.162632	10.162632	10.162632
3.890000	48.625000	48.625000	48.625000	48.625000	10.188825	9.998020	9.998020	9.998020
3.900000	48.750000	48.750000	48.750000	48.750000	10.023722	9.832427	9.832427	9.832427
3.910000	48.875000	48.875000	48.875000	48.875000	9.857638	9.665853	9.665853	9.665853
3.920000	49.000000	49.000000	49.000000	49.000000	9.690574	9.498298	9.498298	9.498298
3.930000	49.125000	49.125000	49.125000	49.125000	9.522528	9.329761	9.329761	9.329761
3.940000	49.250000	49.250000	49.250000	49.250000	9.353501	9.160244	9.160244	9.160244
3.950000	49.375000	49.375000	49.375000	49.375000	9.183494	8.989746	8.989746	8.989746
3.960000	49.500000	49.500000	49.500000	49.500000	9.012505	8.818267	8.818267	8.818267
3.970000	49.625000	49.625000	49.625000	49.625000	8.840535	8.645807	8.645807	8.645807
3.980000	49.750000	49.750000	49.750000	49.750000	8.667585	8.472366	8.472366	8.472366
3.990000	49.875000	49.875000	49.875000	49.875000	8.493653	8.297944	8.297944	8.297944
4.000000	50.000000	50.000000	50.000000	50.000000	8.318740	8.122540	8.122540	8.122540
4.010000	50.125000	50.125000	50.125000	50.125000	8.142847	7.946156	7.946156	7.946156
4.020000	50.250000	50.250000	50.250000	50.250000	7.965972	7.768791	7.768791	7.768791
4.030000	50.375000	50.375000	50.375000	50.375000	7.788116	7.590445	7.590445	7.590445
4.040000	50.500000	50.500000	50.500000	50.500000	7.609280	7.411118	7.411118	7.411118
4.050000	50.625000	50.625000	50.625000	50.625000	7.429462	7.230810	7.230810	7.230810
4.060000	50.750000	50.750000	50.750000	50.750000	7.248663	7.049520	7.049520	7.049520
4.070000	50.875000	50.875000	50.875000	50.875000	7.066884	6.867250	6.867250	6.867250
4.080000	51.000000	51.000000	51.000000	51.000000	6.884123	6.683999	6.683999	6.683999
4.090000	51.125000	51.125000	51.125000	51.125000	6.700382	6.499767	6.499767	6.499767
4.100000	51.250000	51.250000	51.250000	51.250000	6.515659	6.314554	6.314554	6.314554
4.110000	51.375000	51.375000	51.375000	51.375000	6.329955	6.128360	6.128360	6.128360
4.120000	51.500000	51.500000	51.500000	51.500000	6.143271	5.941185	5.941185	5.941185
4.130000	51.625000	51.625000	51.625000	51.625000	5.955605	5.753028	5.753028	5.753028
4.140000	51.750000	51.750000	51.750000	51.750000	5.766958	5.563891	5.563891	5.563891
4.150000	51.875000	51.875000	51.875000	51.875000	5.577331	5.373773	5.373773	5.373773
4.160000	52.000000	52.000000	52.000000	52.000000	5.386722	5.182674	5.182674	5.182674
4.170000	52.125000	52.125000	52.125000	52.125000	5.195132	4.990594	4.990594	4.990594
4.180000	52.250000	52.250000	52.250000	52.250000	5.002562	4.797533	4.797533	4.797533
4.190000	52.375000	52.375000	52.375000	52.375000	4.809010	4.603491	4.603491	4.603491
4.200000	52.500000	52.500000	52.500000	52.500000	4.614477	4.408467	4.408467	4.408467
4.210000	52.625000	52.625000	52.625000	52.625000	4.418964	4.212463	4.212463	4.212463
4.220000	52.750000	52.750000	52.750000	52.750000	4.222469	4.015478	4.015478	4.015478
4.230000	52.875000	52.875000	52.875000	52.875000	4.024993	3.817512	3.817512	3.817512
4.240000	53.000000	53.000000	53.000000	53.000000	3.826537	3.618565	3.618565	3.618565
4.250000	53.125000	53.125000	53.125000	53.125000	3.627099	3.418637	3.418637	3.418637
4.260000	53.250000	53.250000	53.250000	53.250000	3.426681	3.217728	3.217728	3.217728
4.270000	53.375000	53.375000	53.375000	53.375000	3.225281	3.015837	3.015837	3.015837
4.280000	53.500000	53.500000	53.500000	53.500000	3.022900	2.812966	2.812966	2.812966
4.290000	53.625000	53.625000	53.625000	53.625000	2.819539	2.609114	2.609114	2.609114
4.300000	53.750000	53.750000	53.750000	53.750000	2.615196	2.404281	2.404281	2.404281
4.310000	53.875000	53.875000	53.875000	53.875000	2.409872	2.198467	2.198467	2.198467
4.320000	54.000000	54.000000	54.000000	54.000000	2.203568	1.991672	1.991672	1.991672
4.330000	54.125000	54.125000	54.125000	54.125000	1.996282	1.783895	1.783895	1.783895
4.340000	54.250000	54.250000	54.250000	54.250000	1.788015	1.575138	1.575138	1.575138
4.350000	54.375000	54.375000	54.375000	54.375000	1.578768	1.365400	1.365400	1.365400
4.360000	54.500000	54.500000	54.500000	54.500000	1.368539	1.154681	1.154681	1.154681
4.370000	54.625000	54.625000	54.625000	54.625000	1.157329	0.942981	0.942981	0.942981
4.380000	54.750000	54.750000	54.750000	54.750000	0.945139	0.730300	0.730300	0.730300
4.390000	54.875000	54.875000	54.875000	54.875000	0.731967	0.516638	0.516638	0.516638
4.400000	55.000000	55.000000	55.000000	55.000000	0.517814	0.301994	0.301994	0.301994
4.410000	55.125000	55.125000	55.125000	55.125000	0.302681	0.086370	0.086370	0.086370
4.420000	55.250000	55.250000	55.250000	55.250000	0.086566	-0.130235	-0.130235	-0.130235
4.430000	55.375000	55.375000	55.375000	55.375000	-0.130530	-0.347821	-0.347821	-0.347821
4.440000	55.500000	55.500000	55.500000	55.500000	-0.348606	-0.566388	-0.566388	-0.566388
4.450000	55.625000	55.625000	55.625000	55.625000	-0.567664	-0.785936	-0.785936	-0.785936
4.460000	55.750000	55.750000	55.750000	55.750000	-0.787702	-1.006465	-1.006465	-1.006465
4.470000	55.875000	55.875000	55.875000	55.875000	-1.008722	-1.227976	-1.227976	-1.227976
4.480000	56.000000	56.000000	56.000000	56.000000	-1.230723	-1.450467	-1.450467	-1.450467
4.490000	56.125000	56.125000	56.125000	56.125000	-1.453704	-1.673939	-1.673939	-1.673939
4.500000	56.250000	56.250000	56.250000	56.250000	-1.677667	-1.898392	-1.898392	-1.898392
4.510000	56.375000	56.375000	56.375000	56.375000	-1.902611	-2.123826	-2.123826	-2.123826
4.520000	56.500000	56.500000	56.500000	56.500000	-2.128535	-2.350241	-2.350241	-2.350241
4.530000	56.625000	56.625000	56.625000	56.625000	-2.355441	-2.577638	-2.577638	-2.577638
4.540000	56.750000	56.750000	56.750000	56.750000	-2.583328	-2.806015	-2.806015	-2.806015
4.550000	56.875000	56.875000	56.875000	56.875000	-2.812195	-3.035373	-3.035373	-3.035373
4.560000	57.000000	57.000000	57.000000	57.000000	-3.042044	-3.265712	-3.265712	-3.265712
4.570000	57.125000	57.125000	57.125000	57.125000	-3.272874	-3.497032	-3.497032	-3.497032
4.580000	57.250000	57.250000	57.250000	57.250000	-3.504684	-3.729333	-3.729333	-3.729333
4.590000	57.375000	57.375000	57.375000	57.375000	-3.737476	-3.962615	-3.962615	-3.962615
4.600000	57.500000	57.500000	57.500000	57.500000	-3.971249	-4.196879	-4.196879	-4.196879
4.610000	57.625000	57.625000	57.625000	57.625000	-4.206002	-4.432123	-4.432123	-4.432123
4.620000	57.750000	57.750000	57.750000	57.750000	-4.441737	-4.668348	-4.668348	-4.668348
4.630000	57.875000	57.875000	57.875000	57.875000	-4.678453	-4.905554	-4.905554	-4.905554
4.640000	58.000000	58.000000	58.000000	58.000000	-4.916149	-5.143741	-5.143741	-5.143741
4.650000	58.125000	58.125000	58.125000	58.125000	-5.154827	-5.382909	-5.382909	-5.382909
4.660000	58.250000	58.250000	58.250000	58.250000	-5.394485	-5.623058	-5.623058	-5.623058
4.670000	58.375000	58.375000	58.375000	58.375000	-5.635125	-5.864189	-5.864189	-5.864189
4.680000	58.500000	58.500000	58.500000	58.500000	-5.876746	-6.106300	-6.106300	-6.106300
4.690000	58.625000	58.625000	58.625000	58.625000	-6.119347	-6.349392	-6.349392	-6.349392
4.700000	58.750000	58.750000	58.750000	58.750000	-6.362930	-6.593465	-6.593465	-6.593465
4.710000	58.875000	58.875000	58.875000	58.875000	-6.607494	-6.838519	-6.838519	-6.838519
4.720000	59.000000	59.000000	59.000000	59.000000	-6.853038	-7.084554	-7.084554	-7.084554
4.730000	59.125000	59.125000	59.125000	59.125000	-7.099564	-7.331571	-7.331571	-7.331571
4.740000	59.250000	59.250000	59.250000	59.250000	-7.347071	-7.579568	-7.579568	-7.579568
4.750000	59.375000	59.375000	59.375000	59.375000	-7.595558	-7.828546	-7.828546	-7.828546
4.760000	59.500000	59.500000	59.500000	59.500000	-7.845027	-8.078505	-8.078505	-8.078505
4.770000	59.625000	59.625000	59.625000	59.625000	-8.095477	-8.329445	-8.329445	-8.329445
4.780000	59.750000	59.750000	59.750000	59.750000	-8.346907	-8.581366	-8.581366	-8.581366
4.790000	59.875000	59.875000	59.875000	59.875000	-8.599319	-8.834268	-8.834268	-8.834268
4.800000	60.000000	60.000000	60.000000	60.000000	-8.852712	-9.088152	-9.088152	-9.088152
4.810000	60.125000	60.125000	60.125000	60.125000	-9.107085	-9.343016	-9.343016	-9.343016
4.820000	60.250000	60.250000	60.250000	60.250000	-9.362440	-9.598861	-9.598861	-9.598861
4.830000	60.375000	60.375000	60.375000	60.375000	-9.618775	-9.855687	-9.855687	-9.855687
4.840000	60.500000	60.500000	60.500000	60.500000	-9.876092	-10.113494	-10.113494	-10.113494
4.850000	60.625000	60.625000	60.625000	60.625000	-10.134390	-10.372282	-10.372282	-10.372282
4.860000	60.750000	60.750000	60.750000	60.750000	-10.393668	-10.632051	-10.632051	-10.632051
4.870000	60.875000	60.875000	60.875000	60.875000	-10.653928	-10.892802	-10.892802	-10.892802
4.880000	61.000000	61.000000	61.000000	61.000000	-10.915169	-11.154533	-11.154533	-11.154533
4.890000	61.125000	61.125000	61.125000	61.125000	-11.177390	-11.417245	-11.417245	-11.417245
4.900000	61.250000	61.250000	61.250000	61.250000	-11.440593	-11.680938	-11.680938	-11.680938
4.910000	61.375000	61.375000	61.375000	61.375000	-11.704777	-11.945612	-11.945612	-11.945612
4.920000	61.500000	61.500000	61.500000	61.500000	-11.969941	-12.211267	-12.211267	-12.211267
4.930000	61.625000	61.625000	61.625000	61.625000	-12.236087	-12.477903	-12.477903	-12.477903
4.940000	61.750000	61.750000	61.750000	61.750000	-12.503214	-12.745521	-12.745521	-12.745521
4.950000	61.875000	61.875000	61.875000	61.875000	-12.771321	-13.014119	-13.014119	-13.014119
4.960000	62.000000	62.000000	62.000000	62.000000	-13.040410	-13.283698	-13.283698	-13.283698
4.970000	62.125000	62.125000	62.125000	62.125000	-13.310480	-13.554258	-13.554258	-13.554258
4.980000	62.250000	62.250000	62.250000	62.250000	-13.581530	-13.825799	-13.825799	-13.825799
4.990000	62.375000	62.375000	62.375000	62.375000	-13.853562	-14.098321	-14.098321	-14.098321
