# Time,     Simple,     Modified,   Improved,  T_exact
1.000000	200.000000	200.000000	200.000000	195.122942
1.100000	199.500000	199.501250	199.501250	194.648515
1.200000	199.002500	199.004988	199.004988	194.176453
1.300000	198.507487	198.511200	198.511200	193.706746
1.400000	198.014950	198.019876	198.019876	193.239382
1.500000	197.524875	197.531001	197.531001	192.774349
1.600000	197.037251	197.044566	197.044566	192.311635
1.700000	196.552065	196.560556	196.560556	191.851228
1.800000	196.069304	196.078960	196.078960	191.393119
1.900000	195.588958	195.599766	195.599766	190.937293
2.000000	195.111013	195.122962	195.122962	190.483742
2.100000	194.635458	194.648537	194.648537	190.032452
2.200000	194.162281	194.176477	194.176477	189.583414
2.300000	193.691469	193.706772	193.706772	189.136614
2.400000	193.223012	193.239409	193.239409	188.692044
2.500000	192.756897	192.774378	192.774378	188.249690
2.600000	192.293112	192.311666	192.311666	187.809543
2.700000	191.831647	191.851261	191.851261	187.371591
2.800000	191.372489	191.393153	191.393153	186.935824
2.900000	190.915626	190.937330	190.937330	186.502229
3.000000	190.461048	190.483780	190.483780	186.070798
3.100000	190.008743	190.032492	190.032492	185.641518
3.200000	189.558699	189.583455	189.583455	185.214379
3.300000	189.110906	189.136657	189.136657	184.789370
3.400000	188.665351	188.692088	188.692088	184.366482
3.500000	188.222024	188.249736	188.249736	183.945702
3.600000	187.780914	187.809591	187.809591	183.527021
3.700000	187.342010	187.371641	187.371641	183.110428
3.800000	186.905300	186.935874	186.935874	182.695913
3.900000	186.470773	186.502282	186.502282	182.283466
4.000000	186.038419	186.070852	186.070852	181.873075
4.100000	185.608227	185.641573	185.641573	181.464732
4.200000	185.180186	185.214436	185.214436	181.058425
4.300000	184.754285	184.789429	184.789429	180.654144
4.400000	184.330514	184.366542	184.366542	180.251880
4.500000	183.908861	183.945764	183.945764	179.851622
4.600000	183.489317	183.527084	183.527084	179.453360
4.700000	183.071870	183.110493	183.110493	179.057085
4.800000	182.656511	182.695979	182.695979	178.662786
4.900000	182.243228	182.283533	182.283533	178.270454
5.000000	181.832012	181.873144	181.873144	177.880078
5.100000	181.422852	181.464801	181.464801	177.491650
5.200000	181.015738	181.058496	181.058496	177.105159
5.300000	180.610659	180.654217	180.654217	176.720595
5.400000	180.207606	180.251954	180.251954	176.337949
5.500000	179.806568	179.851697	179.851697	175.957212
5.600000	179.407535	179.453437	179.453437	175.578374
5.700000	179.010497	179.057163	179.057163	175.201425
5.800000	178.615445	178.662865	178.662865	174.826357
5.900000	178.222368	178.270534	178.270534	174.453159
6.000000	177.831256	177.880160	177.880160	174.081822
6.100000	177.442099	177.491732	177.491732	173.712337
6.200000	177.054889	177.105242	177.105242	173.344696
6.300000	176.669614	176.720680	176.720680	172.978887
6.400000	176.286266	176.338036	176.338036	172.614904
6.500000	175.904835	175.957300	175.957300	172.252735
6.600000	175.525311	175.578463	175.578463	171.892373
6.700000	175.147684	175.201515	175.201515	171.533809
6.800000	174.771946	174.826448	174.826448	171.177032
6.900000	174.398086	174.453251	174.453251	170.822035
7.000000	174.026096	174.081915	174.081915	170.468809
7.100000	173.655965	173.712431	173.712431	170.117344
7.200000	173.287685	173.344791	173.344791	169.767633
7.300000	172.921247	172.978984	172.978984	169.419665
7.400000	172.556641	172.615001	172.615001	169.073433
7.500000	172.193858	172.252834	172.252834	168.728928
7.600000	171.832888	171.892473	171.892473	168.386141
7.700000	171.473724	171.533909	171.533909	168.045064
7.800000	171.116355	171.177133	171.177133	167.705687
7.900000	170.760773	170.822138	170.822138	167.368004
8.000000	170.406970	170.468912	170.468912	167.032005
8.100000	170.054935	170.117448	170.117448	166.697681
8.200000	169.704660	169.767738	169.767738	166.365025
8.300000	169.356137	169.419771	169.419771	166.034028
8.400000	169.009356	169.073540	169.073540	165.704682
8.500000	168.664309	168.729036	168.729036	165.376979
8.600000	168.320988	168.386250	168.386250	165.050909
8.700000	167.979383	168.045173	168.045173	164.726467
8.800000	167.639486	167.705798	167.705798	164.403642
8.900000	167.301288	167.368115	167.368115	164.082428
9.000000	166.964782	167.032117	167.032117	163.762815
9.100000	166.629958	166.697794	166.697794	163.444797
9.200000	166.296808	166.365139	166.365139	163.128365
9.300000	165.965324	166.034143	166.034143	162.813511
9.400000	165.635498	165.704797	165.704797	162.500227
9.500000	165.307320	165.377095	165.377095	162.188506
9.600000	164.980784	165.051026	165.051026	161.878339
9.700000	164.655880	164.726584	164.726584	161.569720
9.800000	164.332600	164.403761	164.403761	161.262639
9.900000	164.010937	164.082547	164.082547	160.957091
10.000000	163.690883	163.762935	163.762935	160.653066
10.100000	163.372428	163.444918	163.444918	160.350558
10.200000	163.055566	163.128486	163.128486	160.049558
10.300000	162.740288	162.813633	162.813633	159.750059
10.400000	162.426587	162.500350	162.500350	159.452055
10.500000	162.114454	162.188629	162.188629	159.155536
10.600000	161.803882	161.878463	161.878463	158.860497
10.700000	161.494862	161.569845	161.569845	158.566929
10.800000	161.187388	161.262765	161.262765	158.274825
10.900000	160.881451	160.957217	160.957217	157.984178
11.000000	160.577044	160.653193	160.653193	157.694981
11.100000	160.274158	160.350685	160.350685	157.407226
11.200000	159.972788	160.049686	160.049686	157.120906
11.300000	159.672924	159.750188	159.750188	156.836015
11.400000	159.374559	159.452184	159.452184	156.552544
11.500000	159.077686	159.155666	159.155666	156.270487
11.600000	158.782298	158.860627	158.860627	155.989837
11.700000	158.488386	158.567060	158.567060	155.710586
11.800000	158.195944	158.274957	158.274957	155.432728
11.900000	157.904965	157.984311	157.984311	155.156257
12.000000	157.615440	157.695114	157.695114	154.881164
12.100000	157.327363	157.407359	157.407359	154.607443
12.200000	157.040726	157.121040	157.121040	154.335087
12.300000	156.755522	156.836149	156.836149	154.064090
12.400000	156.471745	156.552679	156.552679	153.794444
12.500000	156.189386	156.270622	156.270622	153.526143
12.600000	155.908439	155.989972	155.989972	153.259180
12.700000	155.628897	155.710722	155.710722	152.993549
12.800000	155.350752	155.432865	155.432865	152.729242
12.900000	155.073999	155.156394	155.156394	152.466254
13.000000	154.798629	154.881301	154.881301	152.204578
13.100000	154.524635	154.607581	154.607581	151.944206
13.200000	154.252012	154.335226	154.335226	151.685133
13.300000	153.980752	154.064229	154.064229	151.427353
13.400000	153.710848	153.794583	153.794583	151.170858
13.500000	153.442294	153.526283	153.526283	150.915642
13.600000	153.175083	153.259320	153.259320	150.661699
13.700000	152.909207	152.993690	152.993690	150.409023
13.800000	152.644661	152.729384	152.729384	150.157607
13.900000	152.381438	152.466396	152.466396	149.907445
14.000000	152.119531	152.204720	152.204720	149.658530
14.100000	151.858933	151.944349	151.944349	149.410857
14.200000	151.599638	151.685276	151.685276	149.164420
14.300000	151.341640	151.427496	151.427496	148.919211
14.400000	151.084932	151.171001	151.171001	148.675226
14.500000	150.829507	150.915786	150.915786	148.432457
14.600000	150.575360	150.661843	150.661843	148.190899
14.700000	150.322483	150.409167	150.409167	147.950546
14.800000	150.070871	150.157752	150.157752	147.711392
14.900000	149.820516	149.907590	149.907590	147.473430
15.000000	149.571414	149.658676	149.658676	147.236655
15.100000	149.323557	149.411003	149.411003	147.001061
15.200000	149.076939	149.164566	149.164566	146.766643
15.300000	148.831554	148.919357	148.919357	146.533393
15.400000	148.587396	148.675372	148.675372	146.301307
15.500000	148.344459	148.432604	148.432604	146.070378
15.600000	148.102737	148.191046	148.191046	145.840601
15.700000	147.862223	147.950693	147.950693	145.611970
15.800000	147.622912	147.711539	147.711539	145.384480
15.900000	147.384798	147.473578	147.473578	145.158123
16.000000	147.147874	147.236803	147.236803	144.932896
16.100000	146.912134	147.001210	147.001210	144.708793
16.200000	146.677574	146.766791	146.766791	144.485807
16.300000	146.444186	146.533542	146.533542	144.263933
16.400000	146.211965	146.301456	146.301456	144.043165
16.500000	145.980905	146.070527	146.070527	143.823499
16.600000	145.751001	145.840751	145.840751	143.604929
16.700000	145.522246	145.612120	145.612120	143.387448
16.800000	145.294634	145.384629	145.384629	143.171052
16.900000	145.068161	145.158274	145.158274	142.955736
17.000000	144.842820	144.933047	144.933047	142.741493
17.100000	144.618606	144.708943	144.708943	142.528319
17.200000	144.395513	144.485957	144.485957	142.316208
17.300000	144.173536	144.264084	144.264084	142.105155
17.400000	143.952668	144.043316	144.043316	141.895155
17.500000	143.732905	143.823650	143.823650	141.686202
17.600000	143.514240	143.605080	143.605080	141.478291
17.700000	143.296669	143.387600	143.387600	141.271417
17.800000	143.080186	143.171204	143.171204	141.065575
17.900000	142.864785	142.955888	142.955888	140.860760
18.000000	142.650461	142.741645	142.741645	140.656966
18.100000	142.437208	142.528471	142.528471	140.454189
18.200000	142.225022	142.316360	142.316360	140.252422
18.300000	142.013897	142.105308	142.105308	140.051663
18.400000	141.803828	141.895307	141.895307	139.851904
18.500000	141.594809	141.686355	141.686355	139.653142
18.600000	141.386835	141.478444	141.478444	139.455371
18.700000	141.179900	141.271570	141.271570	139.258587
18.800000	140.974001	141.065728	141.065728	139.062784
18.900000	140.769131	140.860913	140.860913	138.867957
19.000000	140.565285	140.657119	140.657119	138.674102
19.100000	140.362459	140.454342	140.454342	138.481214
19.200000	140.160647	140.252576	140.252576	138.289289
19.300000	139.959843	140.051816	140.051816	138.098320
19.400000	139.760044	139.852057	139.852057	137.908304
19.500000	139.561244	139.653295	139.653295	137.719235
19.600000	139.363438	139.455525	139.455525	137.531110
19.700000	139.166620	139.258740	139.258740	137.343923
19.800000	138.970787	139.062937	139.062937	137.157669
19.900000	138.775933	138.868111	138.868111	136.972344
20.000000	138.582054	138.674256	138.674256	136.787944
20.100000	138.389143	138.481368	138.481368	136.604463
20.200000	138.197198	138.289442	138.289442	136.421898
20.300000	138.006212	138.098474	138.098474	136.240243
20.400000	137.816181	137.908458	137.908458	136.059494
20.500000	137.627100	137.719389	137.719389	135.879647
20.600000	137.438964	137.531264	137.531264	135.700696
20.700000	137.251769	137.344077	137.344077	135.522638
20.800000	137.065511	137.157823	137.157823	135.345468
20.900000	136.880183	136.972498	136.972498	135.169182
21.000000	136.695782	136.788098	136.788098	134.993775
21.100000	136.512303	136.604617	136.604617	134.819243
21.200000	136.329742	136.422052	136.422052	134.645581
21.300000	136.148093	136.240397	136.240397	134.472785
21.400000	135.967353	136.059648	136.059648	134.300852
21.500000	135.787516	135.879800	135.879800	134.129776
21.600000	135.608578	135.700850	135.700850	133.959553
21.700000	135.430535	135.522792	135.522792	133.790179
21.800000	135.253383	135.345622	135.345622	133.621649
21.900000	135.077116	135.169336	135.169336	133.453961
22.000000	134.901730	134.993929	134.993929	133.287108
22.100000	134.727222	134.819396	134.819396	133.121088
22.200000	134.553585	134.645735	134.645735	132.955896
22.300000	134.380817	134.472939	134.472939	132.791528
22.400000	134.208913	134.301005	134.301005	132.627979
22.500000	134.037869	134.129929	134.129929	132.465247
22.600000	133.867679	133.959706	133.959706	132.303326
22.700000	133.698341	133.790332	133.790332	132.142212
22.800000	133.529849	133.621803	133.621803	131.981902
22.900000	133.362200	133.454114	133.454114	131.822392
23.000000	133.195389	133.287262	133.287262	131.663677
23.100000	133.029412	133.121241	133.121241	131.505754
23.200000	132.864265	132.956049	132.956049	131.348618
23.300000	132.699944	132.791681	132.791681	131.192266
23.400000	132.536444	132.628132	132.628132	131.036694
23.500000	132.373762	132.465399	132.465399	130.881898
23.600000	132.211893	132.303478	132.303478	130.727874
23.700000	132.050834	132.142365	132.142365	130.574618
23.800000	131.890579	131.982055	131.982055	130.422126
23.900000	131.731127	131.822544	131.822544	130.270395
24.000000	131.572471	131.663829	131.663829	130.119421
24.100000	131.414609	131.505906	131.505906	129.969200
24.200000	131.257535	131.348770	131.348770	129.819728
24.300000	131.101248	131.192418	131.192418	129.671001
24.400000	130.945742	131.036846	131.036846	129.523017
24.500000	130.791013	130.882050	130.882050	129.375770
24.600000	130.637058	130.728026	130.728026	129.229258
24.700000	130.483873	130.574769	130.574769	129.083476
24.800000	130.331453	130.422278	130.422278	128.938422
24.900000	130.179796	130.270547	130.270547	128.794091
25.000000	130.028897	130.119572	130.119572	128.650480
25.100000	129.878752	129.969351	129.969351	128.507585
25.200000	129.729359	129.819879	129.819879	128.365403
25.300000	129.580712	129.671152	129.671152	128.223930
25.400000	129.432808	129.523167	129.523167	128.083162
25.500000	129.285644	129.375921	129.375921	127.943097
25.600000	129.139216	129.229408	129.229408	127.803730
25.700000	128.993520	129.083626	129.083626	127.665058
25.800000	128.848552	128.938572	128.938572	127.527078
25.900000	128.704310	128.794241	128.794241	127.389786
26.000000	128.560788	128.650629	128.650629	127.253179
26.100000	128.417984	128.507734	128.507734	127.117254
26.200000	128.275894	128.365552	128.365552	126.982006
26.300000	128.134515	128.224079	128.224079	126.847432
26.400000	127.993842	128.083311	128.083311	126.713530
26.500000	127.853873	127.943246	127.943246	126.580296
26.600000	127.714604	127.803879	127.803879	126.447726
26.700000	127.576031	127.665207	127.665207	126.315818
26.800000	127.438150	127.527227	127.527227	126.184567
26.900000	127.300960	127.389935	127.389935	126.053971
27.000000	127.164455	127.253327	127.253327	125.924026
27.100000	127.028633	127.117402	127.117402	125.794729
27.200000	126.893489	126.982153	126.982153	125.666078
27.300000	126.759022	126.847580	126.847580	125.538068
27.400000	126.625227	126.713678	126.713678	125.410696
27.500000	126.492101	126.580443	126.580443	125.283960
27.600000	126.359640	126.447873	126.447873	125.157855
27.700000	126.227842	126.315964	126.315964	125.032380
27.800000	126.096703	126.184714	126.184714	124.907530
27.900000	125.966219	126.054117	126.054117	124.783304
28.000000	125.836388	125.924172	125.924172	124.659696
28.100000	125.707206	125.794876	125.794876	124.536706
28.200000	125.578670	125.666224	125.666224	124.414328
28.300000	125.450777	125.538213	125.538213	124.292561
28.400000	125.323523	125.410842	125.410842	124.171402
28.500000	125.196905	125.284105	125.284105	124.050846
28.600000	125.070921	125.158001	125.158001	123.930892
28.700000	124.945566	125.032525	125.032525	123.811536
28.800000	124.820838	124.907675	124.907675	123.692776
28.900000	124.696734	124.783448	124.783448	123.574608
29.000000	124.573251	124.659841	124.659841	123.457029
29.100000	124.450384	124.536850	124.536850	123.340036
29.200000	124.328132	124.414472	124.414472	123.223627
29.300000	124.206492	124.292705	124.292705	123.107799
29.400000	124.085459	124.171545	124.171545	122.992549
29.500000	123.965032	124.050990	124.050990	122.877873
29.600000	123.845207	123.931035	123.931035	122.763769
29.700000	123.725981	123.811679	123.811679	122.650234
29.800000	123.607351	123.692919	123.692919	122.537266
29.900000	123.489314	123.574750	123.574750	122.424860
30.000000	123.371868	123.457171	123.457171	122.313016
30.100000	123.255008	123.340178	123.340178	122.201729
30.200000	123.138733	123.223769	123.223769	122.090998
30.300000	123.023039	123.107941	123.107941	121.980818
30.400000	122.907924	122.992690	122.992690	121.871189
30.500000	122.793385	122.878014	122.878014	121.762106
30.600000	122.679418	122.763910	122.763910	121.653567
30.700000	122.566021	122.650375	122.650375	121.545569
30.800000	122.453191	122.537406	122.537406	121.438110
30.900000	122.340925	122.425001	122.425001	121.331187
31.000000	122.229220	122.313156	122.313156	121.224797
31.100000	122.118074	122.201869	122.201869	121.118938
31.200000	122.007484	122.091137	122.091137	121.013607
31.300000	121.897446	121.980958	121.980958	120.908801
31.400000	121.787959	121.871328	121.871328	120.804518
31.500000	121.679019	121.762244	121.762244	120.700755
31.600000	121.570624	121.653705	121.653705	120.597510
31.700000	121.462771	121.545707	121.545707	120.494779
31.800000	121.355457	121.438248	121.438248	120.392561
31.900000	121.248680	121.331325	121.331325	120.290853
32.000000	121.142436	121.224935	121.224935	120.189652
32.100000	121.036724	121.119076	121.119076	120.088955
32.200000	120.931541	121.013744	121.013744	119.988761
32.300000	120.826883	120.908938	120.908938	119.889067
32.400000	120.722748	120.804655	120.804655	119.789870
32.500000	120.619135	120.700892	120.700892	119.691168
32.600000	120.516039	120.597646	120.597646	119.592957
32.700000	120.413459	120.494915	120.494915	119.495237
32.800000	120.311391	120.392697	120.392697	119.398004
32.900000	120.209835	120.290988	120.290988	119.301256
33.000000	120.108785	120.189787	120.189787	119.204991
33.100000	120.008241	120.089090	120.089090	119.109206
33.200000	119.908200	119.988896	119.988896	119.013898
33.300000	119.808659	119.889201	119.889201	118.919066
33.400000	119.709616	119.790004	119.790004	118.824707
33.500000	119.611068	119.691301	119.691301	118.730818
33.600000	119.513013	119.593091	119.593091	118.637398
33.700000	119.415447	119.495370	119.495370	118.544443
33.800000	119.318370	119.398137	119.398137	118.451952
33.900000	119.221778	119.301389	119.301389	118.359923
34.000000	119.125669	119.205123	119.205123	118.268352
34.100000	119.030041	119.109338	119.109338	118.177239
34.200000	118.934891	119.014030	119.014030	118.086579
34.300000	118.840216	118.919198	118.919198	117.996372
34.400000	118.746015	118.824838	118.824838	117.906615
34.500000	118.652285	118.730949	118.730949	117.817305
34.600000	118.559024	118.637529	118.637529	117.728441
34.700000	118.466229	118.544574	118.544574	117.640020
34.800000	118.373898	118.452083	118.452083	117.552040
34.900000	118.282028	118.360053	118.360053	117.464499
35.000000	118.190618	118.268482	118.268482	117.377394
35.100000	118.099665	118.177368	118.177368	117.290724
35.200000	118.009167	118.086709	118.086709	117.204486
35.300000	117.919121	117.996501	117.996501	117.118679
35.400000	117.829525	117.906744	117.906744	117.033299
35.500000	117.740378	117.817434	117.817434	116.948345
35.600000	117.651676	117.728569	117.728569	116.863815
35.700000	117.563417	117.640148	117.640148	116.779706
35.800000	117.475600	117.552168	117.552168	116.696017
35.900000	117.388222	117.464626	117.464626	116.612745
36.000000	117.301281	117.377522	117.377522	116.529889
36.100000	117.214775	117.290851	117.290851	116.447446
36.200000	117.128701	117.204613	117.204613	116.365414
36.300000	117.043057	117.118805	117.118805	116.283791
36.400000	116.957842	117.033425	117.033425	116.202575
36.500000	116.873053	116.948471	116.948471	116.121764
36.600000	116.788688	116.863940	116.863940	116.041357
36.700000	116.704744	116.779831	116.779831	115.961350
36.800000	116.621220	116.696142	116.696142	115.881743
36.900000	116.538114	116.612870	116.612870	115.802532
37.000000	116.455424	116.530013	116.530013	115.723717
37.100000	116.373147	116.447570	116.447570	115.645294
37.200000	116.291281	116.365538	116.365538	115.567263
37.300000	116.209824	116.283914	116.283914	115.489621
37.400000	116.128775	116.202698	116.202698	115.412366
37.500000	116.048131	116.121887	116.121887	115.335497
37.600000	115.967891	116.041480	116.041480	115.259011
37.700000	115.888051	115.961473	115.961473	115.182906
37.800000	115.808611	115.881865	115.881865	115.107181
37.900000	115.729568	115.802654	115.802654	115.031834
38.000000	115.650920	115.723838	115.723838	114.956862
38.100000	115.572666	115.645416	115.645416	114.882264
38.200000	115.494802	115.567384	115.567384	114.808039
38.300000	115.417328	115.489742	115.489742	114.734183
38.400000	115.340242	115.412487	115.412487	114.660696
38.500000	115.263540	115.335617	115.335617	114.587576
38.600000	115.187223	115.259131	115.259131	114.514820
38.700000	115.111287	115.183026	115.183026	114.442427
38.800000	115.035730	115.107300	115.107300	114.370395
38.900000	114.960551	115.031953	115.031953	114.298722
39.000000	114.885749	114.956981	114.956981	114.227407
39.100000	114.811320	114.882383	114.882383	114.156448
39.200000	114.737263	114.808157	114.808157	114.085842
39.300000	114.663577	114.734301	114.734301	114.015589
39.400000	114.590259	114.660814	114.660814	113.945686
39.500000	114.517308	114.587693	114.587693	113.876131
39.600000	114.444721	114.514937	114.514937	113.806924
39.700000	114.372498	114.442544	114.442544	113.738061
39.800000	114.300635	114.370512	114.370512	113.669543
39.900000	114.229132	114.298839	114.298839	113.601365
40.000000	114.157986	114.227523	114.227523	113.533528
40.100000	114.087196	114.156563	114.156563	113.466030
40.200000	114.016760	114.085958	114.085958	113.398867
40.300000	113.946677	114.015704	114.015704	113.332040
40.400000	113.876943	113.945801	113.945801	113.265547
40.500000	113.807559	113.876246	113.876246	113.199384
40.600000	113.738521	113.807038	113.807038	113.133552
40.700000	113.669828	113.738175	113.738175	113.068048
40.800000	113.601479	113.669656	113.669656	113.002871
40.900000	113.533472	113.601479	113.601479	112.938019
41.000000	113.465804	113.533642	113.533642	112.873490
41.100000	113.398475	113.466142	113.466142	112.809284
41.200000	113.331483	113.398980	113.398980	112.745397
41.300000	113.264825	113.332153	113.332153	112.681829
41.400000	113.198501	113.265659	113.265659	112.618578
41.500000	113.132509	113.199496	113.199496	112.555643
41.600000	113.066846	113.133664	113.133664	112.493021
41.700000	113.001512	113.068159	113.068159	112.430712
41.800000	112.936505	113.002982	113.002982	112.368714
41.900000	112.871822	112.938130	112.938130	112.307024
42.000000	112.807463	112.873601	112.873601	112.245643
42.100000	112.743426	112.809394	112.809394	112.184567
42.200000	112.679708	112.745507	112.745507	112.123797
42.300000	112.616310	112.681939	112.681939	112.063329
42.400000	112.553228	112.618687	112.618687	112.003163
42.500000	112.490462	112.555752	112.555752	111.943297
42.600000	112.428010	112.493130	112.493130	111.883729
42.700000	112.365870	112.430820	112.430820	111.824459
42.800000	112.304040	112.368822	112.368822	111.765484
42.900000	112.242520	112.307132	112.307132	111.706804
43.000000	112.181308	112.245750	112.245750	111.648416
43.100000	112.120401	112.184675	112.184675	111.590319
43.200000	112.059799	112.123904	112.123904	111.532512
43.300000	111.999500	112.063436	112.063436	111.474993
43.400000	111.939503	112.003269	112.003269	111.417762
43.500000	111.879805	111.943403	111.943403	111.360815
43.600000	111.820406	111.883835	111.883835	111.304153
43.700000	111.761304	111.824565	111.824565	111.247773
43.800000	111.702498	111.765590	111.765590	111.191675
43.900000	111.643985	111.706909	111.706909	111.135856
44.000000	111.585765	111.648521	111.648521	111.080316
44.100000	111.527836	111.590424	111.590424	111.025053
44.200000	111.470197	111.532616	111.532616	110.970065
44.300000	111.412846	111.475097	111.475097	110.915351
44.400000	111.355782	111.417865	111.417865	110.860911
44.500000	111.299003	111.360919	111.360919	110.806742
44.600000	111.242508	111.304256	111.304256	110.752843
44.700000	111.186295	111.247876	111.247876	110.699213
44.800000	111.130364	111.191777	111.191777	110.645850
44.900000	111.074712	111.135958	111.135958	110.592754
45.000000	111.019339	111.080418	111.080418	110.539922
45.100000	110.964242	111.025154	111.025154	110.487354
45.200000	110.909421	110.970166	110.970166	110.435048
45.300000	110.854874	110.915453	110.915453	110.383003
45.400000	110.800599	110.861012	110.861012	110.331218
45.500000	110.746596	110.806842	110.806842	110.279691
45.600000	110.692863	110.752943	110.752943	110.228421
45.700000	110.639399	110.699313	110.699313	110.177406
45.800000	110.586202	110.645950	110.645950	110.126646
45.900000	110.533271	110.592853	110.592853	110.076139
46.000000	110.480605	110.540022	110.540022	110.025884
46.100000	110.428202	110.487453	110.487453	109.975880
46.200000	110.376061	110.435147	110.435147	109.926125
46.300000	110.324180	110.383102	110.383102	109.876618
46.400000	110.272559	110.331316	110.331316	109.827359
46.500000	110.221197	110.279789	110.279789	109.778344
46.600000	110.170091	110.228518	110.228518	109.729575
46.700000	110.119240	110.177503	110.177503	109.681048
46.800000	110.068644	110.126743	110.126743	109.632764
46.900000	110.018301	110.076236	110.076236	109.584720
47.000000	109.968209	110.025981	110.025981	109.536916
47.100000	109.918368	109.975976	109.975976	109.489351
47.200000	109.868776	109.926221	109.926221	109.442022
47.300000	109.819432	109.876714	109.876714	109.394930
47.400000	109.770335	109.827454	109.827454	109.348073
47.500000	109.721484	109.778439	109.778439	109.301449
47.600000	109.672876	109.729670	109.729670	109.255058
47.700000	109.624512	109.681143	109.681143	109.208898
47.800000	109.576389	109.632858	109.632858	109.162968
47.900000	109.528507	109.584814	109.584814	109.117268
48.000000	109.480865	109.537010	109.537010	109.071795
48.100000	109.433460	109.489444	109.489444	109.026550
48.200000	109.386293	109.442116	109.442116	108.981529
48.300000	109.339362	109.395023	109.395023	108.936734
48.400000	109.292665	109.348165	109.348165	108.892162
48.500000	109.246202	109.301541	109.301541	108.847812
48.600000	109.199971	109.255150	109.255150	108.803683
48.700000	109.153971	109.208990	109.208990	108.759775
48.800000	109.108201	109.163060	109.163060	108.716085
48.900000	109.062660	109.117359	109.117359	108.672613
49.000000	109.017346	109.071886	109.071886	108.629359
49.100000	108.972260	109.026640	109.026640	108.586320
49.200000	108.927398	108.981620	108.981620	108.543495
49.300000	108.882761	108.936824	108.936824	108.500884
49.400000	108.838348	108.892252	108.892252	108.458486
49.500000	108.794156	108.847902	108.847902	108.416299
49.600000	108.750185	108.803773	108.803773	108.374323
49.700000	108.706434	108.759864	108.759864	108.332555
49.800000	108.662902	108.716174	108.716174	108.290997
49.900000	108.619588	108.672702	108.672702	108.249645
50.000000	108.576490	108.629447	108.629447	108.208500
50.100000	108.533607	108.586408	108.586408	108.167560
50.200000	108.490939	108.543583	108.543583	108.126824
50.300000	108.448484	108.500972	108.500972	108.086291
50.400000	108.406242	108.458573	108.458573	108.045961
50.500000	108.364211	108.416386	108.416386	108.005831
50.600000	108.322390	108.374409	108.374409	107.965902
50.700000	108.280778	108.332642	108.332642	107.926172
50.800000	108.239374	108.291083	108.291083	107.886640
50.900000	108.198177	108.249731	108.249731	107.847305
51.000000	108.157186	108.208586	108.208586	107.808167
51.100000	108.116400	108.167645	108.167645	107.769223
51.200000	108.075818	108.126909	108.126909	107.730474
51.300000	108.035439	108.086376	108.086376	107.691918
51.400000	107.995262	108.046045	108.046045	107.653555
51.500000	107.955286	108.005916	108.005916	107.615382
51.600000	107.915509	107.965986	107.965986	107.577400
51.700000	107.875932	107.926256	107.926256	107.539608
51.800000	107.836552	107.886724	107.886724	107.502004
51.900000	107.797369	107.847389	107.847389	107.464588
52.000000	107.758382	107.808250	107.808250	107.427358
52.100000	107.719590	107.769306	107.769306	107.390314
52.200000	107.680993	107.730557	107.730557	107.353454
52.300000	107.642588	107.692001	107.692001	107.316779
52.400000	107.604375	107.653637	107.653637	107.280286
52.500000	107.566353	107.615464	107.615464	107.243976
52.600000	107.528521	107.577482	107.577482	107.207846
52.700000	107.490878	107.539689	107.539689	107.171897
52.800000	107.453424	107.502085	107.502085	107.136127
52.900000	107.416157	107.464669	107.464669	107.100535
53.000000	107.379076	107.427439	107.427439	107.065121
53.100000	107.342181	107.390394	107.390394	107.029884
53.200000	107.305470	107.353535	107.353535	106.994822
53.300000	107.268942	107.316859	107.316859	106.959935
53.400000	107.232598	107.280366	107.280366	106.925223
53.500000	107.196435	107.244055	107.244055	106.890683
53.600000	107.160453	107.207926	107.207926	106.856315
53.700000	107.124650	107.171976	107.171976	106.822119
53.800000	107.089027	107.136206	107.136206	106.788094
53.900000	107.053582	107.100614	107.100614	106.754238
54.000000	107.018314	107.065200	107.065200	106.720551
54.100000	106.983222	107.029962	107.029962	106.687032
54.200000	106.948306	106.994900	106.994900	106.653681
54.300000	106.913565	106.960013	106.960013	106.620495
54.400000	106.878997	106.925300	106.925300	106.587475
54.500000	106.844602	106.890760	106.890760	106.554620
54.600000	106.810379	106.856392	106.856392	106.521929
54.700000	106.776327	106.822196	106.822196	106.489401
54.800000	106.742445	106.788170	106.788170	106.457035
54.900000	106.708733	106.754314	106.754314	106.424830
55.000000	106.675190	106.720627	106.720627	106.392786
55.100000	106.641814	106.687108	106.687108	106.360902
55.200000	106.608605	106.653756	106.653756	106.329177
55.300000	106.575562	106.620570	106.620570	106.297610
55.400000	106.542684	106.587550	106.587550	106.266200
55.500000	106.509970	106.554695	106.554695	106.234948
55.600000	106.477420	106.522003	106.522003	106.203851
55.700000	106.445033	106.489475	106.489475	106.172909
55.800000	106.412808	106.457109	106.457109	106.142121
55.900000	106.380744	106.424904	106.424904	106.111487
56.000000	106.348840	106.392860	106.392860	106.081006
56.100000	106.317096	106.360975	106.360975	106.050677
56.200000	106.285511	106.329250	106.329250	106.020499
56.300000	106.254083	106.297683	106.297683	105.990472
56.400000	106.222813	106.266273	106.266273	105.960594
56.500000	106.191699	106.235020	106.235020	105.930866
56.600000	106.160740	106.203923	106.203923	105.901285
56.700000	106.129936	106.172981	106.172981	105.871853
56.800000	106.099287	106.142193	106.142193	105.842567
56.900000	106.068790	106.111559	106.111559	105.813427
57.000000	106.038446	106.081077	106.081077	105.784432
57.100000	106.008254	106.050748	106.050748	105.755582
57.200000	105.978213	106.020570	106.020570	105.726876
57.300000	105.948322	105.990542	105.990542	105.698313
57.400000	105.918580	105.960665	105.960665	105.669893
57.500000	105.888987	105.930936	105.930936	105.641614
57.600000	105.859542	105.901355	105.901355	105.613476
57.700000	105.830245	105.871922	105.871922	105.585479
57.800000	105.801093	105.842636	105.842636	105.557621
57.900000	105.772088	105.813496	105.813496	105.529903
58.000000	105.743228	105.784501	105.784501	105.502322
58.100000	105.714511	105.755651	105.755651	105.474879
58.200000	105.685939	105.726945	105.726945	105.447573
58.300000	105.657509	105.698381	105.698381	105.420403
58.400000	105.629222	105.669961	105.669961	105.393369
58.500000	105.601076	105.641682	105.641682	105.366469
58.600000	105.573070	105.613544	105.613544	105.339704
58.700000	105.545205	105.585546	105.585546	105.313072
58.800000	105.517479	105.557688	105.557688	105.286573
58.900000	105.489891	105.529969	105.529969	105.260206
59.000000	105.462442	105.502389	105.502389	105.233971
59.100000	105.435130	105.474946	105.474946	105.207866
59.200000	105.407954	105.447639	105.447639	105.181892
59.300000	105.380914	105.420469	105.420469	105.156047
59.400000	105.354010	105.393435	105.393435	105.130331
59.500000	105.327240	105.366535	105.366535	105.104743
59.600000	105.300603	105.339769	105.339769	105.079283
59.700000	105.274100	105.313137	105.313137	105.053950
59.800000	105.247730	105.286638	105.286638	105.028744
59.900000	105.221491	105.260271	105.260271	105.003663
60.000000	105.195384	105.234035	105.234035	104.978707
60.100000	105.169407	105.207930	105.207930	104.953875
60.200000	105.143560	105.181956	105.181956	104.929168
60.300000	105.117842	105.156111	105.156111	104.904584
60.400000	105.092253	105.130395	105.130395	104.880122
60.500000	105.066792	105.104807	105.104807	104.855782
60.600000	105.041458	105.079347	105.079347	104.831564
60.700000	105.016250	105.054013	105.054013	104.807466
60.800000	104.991169	105.028807	105.028807	104.783489
60.900000	104.966213	105.003725	105.003725	104.759631
61.000000	104.941382	104.978769	104.978769	104.735892
61.100000	104.916675	104.953938	104.953938	104.712272
61.200000	104.892092	104.929230	104.929230	104.688770
61.300000	104.867631	104.904645	104.904645	104.665384
61.400000	104.843293	104.880183	104.880183	104.642115
61.500000	104.819077	104.855844	104.855844	104.618963
61.600000	104.794981	104.831625	104.831625	104.595926
61.700000	104.771007	104.807527	104.807527	104.573003
61.800000	104.747152	104.783550	104.783550	104.550195
61.900000	104.723416	104.759692	104.759692	104.527501
62.000000	104.699799	104.735953	104.735953	104.504920
62.100000	104.676300	104.712332	104.712332	104.482452
62.200000	104.652918	104.688830	104.688830	104.460096
62.300000	104.629654	104.665444	104.665444	104.437851
62.400000	104.606505	104.642175	104.642175	104.415717
62.500000	104.583473	104.619022	104.619022	104.393693
62.600000	104.560555	104.595985	104.595985	104.371780
62.700000	104.537753	104.573062	104.573062	104.349975
62.800000	104.515064	104.550254	104.550254	104.328280
62.900000	104.492489	104.527560	104.527560	104.306692
63.000000	104.470026	104.504979	104.504979	104.285213
63.100000	104.447676	104.482510	104.482510	104.263840
63.200000	104.425438	104.460154	104.460154	104.242574
63.300000	104.403310	104.437909	104.437909	104.221414
63.400000	104.381294	104.415774	104.415774	104.200360
63.500000	104.359387	104.393751	104.393751	104.179410
63.600000	104.337590	104.371837	104.371837	104.158566
63.700000	104.315903	104.350032	104.350032	104.137825
63.800000	104.294323	104.328337	104.328337	104.117187
63.900000	104.272851	104.306749	104.306749	104.096653
64.000000	104.251487	104.285269	104.285269	104.076220
64.100000	104.230230	104.263896	104.263896	104.055890
64.200000	104.209079	104.242630	104.242630	104.035661
64.300000	104.188033	104.221470	104.221470	104.015533
64.400000	104.167093	104.200415	104.200415	103.995506
64.500000	104.146258	104.179466	104.179466	103.975578
64.600000	104.125526	104.158621	104.158621	103.955750
64.700000	104.104899	104.137880	104.137880	103.936020
64.800000	104.084374	104.117242	104.117242	103.916390
64.900000	104.063952	104.096707	104.096707	103.896856
65.000000	104.043632	104.076275	104.076275	103.877421
65.100000	104.023414	104.055945	104.055945	103.858082
65.200000	104.003297	104.035716	104.035716	103.838840
65.300000	103.983281	104.015587	104.015587	103.819694
65.400000	103.963364	103.995560	103.995560	103.800643
65.500000	103.943548	103.975632	103.975632	103.781687
65.600000	103.923830	103.955803	103.955803	103.762826
65.700000	103.904211	103.936074	103.936074	103.744059
65.800000	103.884690	103.916443	103.916443	103.725385
65.900000	103.865266	103.896909	103.896909	103.706805
66.000000	103.845940	103.877473	103.877473	103.688317
66.100000	103.826710	103.858135	103.858135	103.669921
66.200000	103.807577	103.838892	103.838892	103.651617
66.300000	103.788539	103.819746	103.819746	103.633405
66.400000	103.769596	103.800695	103.800695	103.615283
66.500000	103.750748	103.781739	103.781739	103.597252
66.600000	103.731994	103.762877	103.762877	103.579311
66.700000	103.713334	103.744110	103.744110	103.561459
66.800000	103.694768	103.725436	103.725436	103.543696
66.900000	103.676294	103.706856	103.706856	103.526022
67.000000	103.657912	103.688368	103.688368	103.508435
67.100000	103.639623	103.669972	103.669972	103.490937
67.200000	103.621425	103.651668	103.651668	103.473526
67.300000	103.603318	103.633455	103.633455	103.456202
67.400000	103.585301	103.615333	103.615333	103.438964
67.500000	103.567374	103.597302	103.597302	103.421812
67.600000	103.549538	103.579360	103.579360	103.404745
67.700000	103.531790	103.561508	103.561508	103.387764
67.800000	103.514131	103.543745	103.543745	103.370868
67.900000	103.496560	103.526071	103.526071	103.354055
68.000000	103.479077	103.508485	103.508485	103.337327
68.100000	103.461682	103.490986	103.490986	103.320682
68.200000	103.444374	103.473575	103.473575	103.304120
68.300000	103.427152	103.456250	103.456250	103.287641
68.400000	103.410016	103.439012	103.439012	103.271243
68.500000	103.392966	103.421860	103.421860	103.254928
68.600000	103.376001	103.404794	103.404794	103.238694
68.700000	103.359121	103.387812	103.387812	103.222541
68.800000	103.342326	103.370915	103.370915	103.206469
68.900000	103.325614	103.354103	103.354103	103.190476
69.000000	103.308986	103.337374	103.337374	103.174564
69.100000	103.292441	103.320729	103.320729	103.158730
69.200000	103.275979	103.304167	103.304167	103.142976
69.300000	103.259599	103.287688	103.287688	103.127301
69.400000	103.243301	103.271290	103.271290	103.111703
69.500000	103.227084	103.254975	103.254975	103.096183
69.600000	103.210949	103.238741	103.238741	103.080741
69.700000	103.194894	103.222587	103.222587	103.065376
69.800000	103.178920	103.206515	103.206515	103.050087
69.900000	103.163025	103.190522	103.190522	103.034875
70.000000	103.147210	103.174609	103.174609	103.019738
70.100000	103.131474	103.158776	103.158776	103.004677
70.200000	103.115817	103.143022	103.143022	102.989691
70.300000	103.100237	103.127346	103.127346	102.974780
70.400000	103.084736	103.111748	103.111748	102.959944
70.500000	103.069313	103.096228	103.096228	102.945181
70.600000	103.053966	103.080786	103.080786	102.930492
70.700000	103.038696	103.065421	103.065421	102.915876
70.800000	103.023503	103.050132	103.050132	102.901333
70.900000	103.008385	103.034919	103.034919	102.886862
71.000000	102.993343	103.019783	103.019783	102.872464
71.100000	102.978377	103.004721	103.004721	102.858137
71.200000	102.963485	102.989735	102.989735	102.843882
71.300000	102.948667	102.974824	102.974824	102.829699
71.400000	102.933924	102.959987	102.959987	102.815585
71.500000	102.919254	102.945224	102.945224	102.801543
71.600000	102.904658	102.930535	102.930535	102.787570
71.700000	102.890135	102.915919	102.915919	102.773667
71.800000	102.875684	102.901376	102.901376	102.759833
71.900000	102.861306	102.886905	102.886905	102.746068
72.000000	102.846999	102.872507	102.872507	102.732372
72.100000	102.832764	102.858180	102.858180	102.718744
72.200000	102.818600	102.843925	102.843925	102.705185
72.300000	102.804507	102.829741	102.829741	102.691693
72.400000	102.790485	102.815627	102.815627	102.678268
72.500000	102.776532	102.801584	102.801584	102.664910
72.600000	102.762650	102.787612	102.787612	102.651618
72.700000	102.748836	102.773708	102.773708	102.638393
72.800000	102.735092	102.759874	102.759874	102.625234
72.900000	102.721417	102.746110	102.746110	102.612141
73.000000	102.707810	102.732413	102.732413	102.599113
73.100000	102.694271	102.718785	102.718785	102.586150
73.200000	102.680799	102.705226	102.705226	102.573251
73.300000	102.667395	102.691733	102.691733	102.560417
73.400000	102.654058	102.678308	102.678308	102.547647
73.500000	102.640788	102.664950	102.664950	102.534941
73.600000	102.627584	102.651659	102.651659	102.522297
73.700000	102.614446	102.638434	102.638434	102.509717
73.800000	102.601374	102.625274	102.625274	102.497200
73.900000	102.588367	102.612181	102.612181	102.484745
74.000000	102.575425	102.599153	102.599153	102.472353
74.100000	102.562548	102.586189	102.586189	102.460022
74.200000	102.549735	102.573291	102.573291	102.447752
74.300000	102.536987	102.560456	102.560456	102.435544
74.400000	102.524302	102.547686	102.547686	102.423397
74.500000	102.511680	102.534980	102.534980	102.411310
74.600000	102.499122	102.522336	102.522336	102.399284
74.700000	102.486626	102.509756	102.509756	102.387317
74.800000	102.474193	102.497239	102.497239	102.375410
74.900000	102.461822	102.484784	102.484784	102.363563
75.000000	102.449513	102.472391	102.472391	102.351775
75.100000	102.437265	102.460060	102.460060	102.340045
75.200000	102.425079	102.447790	102.447790	102.328374
75.300000	102.412954	102.435582	102.435582	102.316761
75.400000	102.400889	102.423434	102.423434	102.305206
75.500000	102.388885	102.411348	102.411348	102.293709
75.600000	102.376940	102.399321	102.399321	102.282269
75.700000	102.365055	102.387354	102.387354	102.270886
75.800000	102.353230	102.375447	102.375447	102.259560
75.900000	102.341464	102.363600	102.363600	102.248291
76.000000	102.329757	102.351811	102.351811	102.237077
76.100000	102.318108	102.340082	102.340082	102.225920
76.200000	102.306517	102.328411	102.328411	102.214818
76.300000	102.294985	102.316798	102.316798	102.203771
76.400000	102.283510	102.305243	102.305243	102.192780
76.500000	102.272092	102.293745	102.293745	102.181844
76.600000	102.260732	102.282305	102.282305	102.170962
76.700000	102.249428	102.270922	102.270922	102.160134
76.800000	102.238181	102.259596	102.259596	102.149360
76.900000	102.226990	102.248326	102.248326	102.138640
77.000000	102.215855	102.237113	102.237113	102.127974
77.100000	102.204776	102.225955	102.225955	102.117360
77.200000	102.193752	102.214853	102.214853	102.106800
77.300000	102.182783	102.203807	102.203807	102.096292
77.400000	102.171869	102.192815	102.192815	102.085837
77.500000	102.161010	102.181878	102.181878	102.075434
77.600000	102.150205	102.170996	102.170996	102.065083
77.700000	102.139454	102.160168	102.160168	102.054783
77.800000	102.128757	102.149395	102.149395	102.044535
77.900000	102.118113	102.138675	102.138675	102.034337
78.000000	102.107522	102.128008	102.128008	102.024191
78.100000	102.096985	102.117394	102.117394	102.014095
78.200000	102.086500	102.106834	102.106834	102.004050
78.300000	102.076067	102.096326	102.096326	101.994055
78.400000	102.065687	102.085871	102.085871	101.984109
78.500000	102.055358	102.075467	102.075467	101.974214
78.600000	102.045082	102.065116	102.065116	101.964367
78.700000	102.034856	102.054816	102.054816	101.954570
78.800000	102.024682	102.044568	102.044568	101.944821
78.900000	102.014559	102.034371	102.034371	101.935122
79.000000	102.004486	102.024224	102.024224	101.925470
79.100000	101.994463	102.014128	102.014128	101.915867
79.200000	101.984491	102.004083	102.004083	101.906311
79.300000	101.974569	101.994088	101.994088	101.896804
79.400000	101.964696	101.984142	101.984142	101.887343
79.500000	101.954872	101.974246	101.974246	101.877930
79.600000	101.945098	101.964400	101.964400	101.868564
79.700000	101.935372	101.954602	101.954602	101.859244
79.800000	101.925696	101.944854	101.944854	101.849971
79.900000	101.916067	101.935154	101.935154	101.840745
80.000000	101.906487	101.925502	101.925502	101.831564
80.100000	101.896954	101.915899	101.915899	101.822429
80.200000	101.887470	101.906343	101.906343	101.813340
80.300000	101.878032	101.896835	101.896835	101.804295
80.400000	101.868642	101.887375	101.887375	101.795296
80.500000	101.859299	101.877961	101.877961	101.786342
80.600000	101.850002	101.868595	101.868595	101.777433
80.700000	101.840752	101.859275	101.859275	101.768568
80.800000	101.831549	101.850002	101.850002	101.759747
80.900000	101.822391	101.840775	101.840775	101.750970
81.000000	101.813279	101.831595	101.831595	101.742237
81.100000	101.804212	101.822459	101.822459	101.733548
81.200000	101.795191	101.813370	101.813370	101.724902
81.300000	101.786215	101.804326	101.804326	101.716299
81.400000	101.777284	101.795327	101.795327	101.707739
81.500000	101.768398	101.786372	101.786372	101.699221
81.600000	101.759556	101.777463	101.777463	101.690747
81.700000	101.750758	101.768598	101.768598	101.682314
81.800000	101.742004	101.759777	101.759777	101.673923
81.900000	101.733294	101.751000	101.751000	101.665575
82.000000	101.724628	101.742267	101.742267	101.657268
82.100000	101.716005	101.733577	101.733577	101.649002
82.200000	101.707425	101.724931	101.724931	101.640777
82.300000	101.698888	101.716328	101.716328	101.632594
82.400000	101.690393	101.707768	101.707768	101.624451
82.500000	101.681941	101.699250	101.699250	101.616349
82.600000	101.673531	101.690775	101.690775	101.608288
82.700000	101.665164	101.682343	101.682343	101.600267
82.800000	101.656838	101.673952	101.673952	101.592285
82.900000	101.648554	101.665603	101.665603	101.584344
83.000000	101.640311	101.657296	101.657296	101.576442
83.100000	101.632109	101.649030	101.649030	101.568579
83.200000	101.623949	101.640806	101.640806	101.560756
83.300000	101.615829	101.632622	101.632622	101.552971
83.400000	101.607750	101.624479	101.624479	101.545226
83.500000	101.599711	101.616377	101.616377	101.537519
83.600000	101.591713	101.608316	101.608316	101.529851
83.700000	101.583754	101.600294	101.600294	101.522221
83.800000	101.575835	101.592313	101.592313	101.514628
83.900000	101.567956	101.584371	101.584371	101.507074
84.000000	101.560116	101.576469	101.576469	101.499558
84.100000	101.552316	101.568606	101.568606	101.492079
84.200000	101.544554	101.560783	101.560783	101.484637
84.300000	101.536832	101.552999	101.552999	101.477232
84.400000	101.529147	101.545253	101.545253	101.469864
84.500000	101.521502	101.537546	101.537546	101.462533
84.600000	101.513894	101.529878	101.529878	101.455239
84.700000	101.506325	101.522247	101.522247	101.447981
84.800000	101.498793	101.514655	101.514655	101.440759
84.900000	101.491299	101.507101	101.507101	101.433573
85.000000	101.483843	101.499584	101.499584	101.426423
85.100000	101.476423	101.492105	101.492105	101.419309
85.200000	101.469041	101.484663	101.484663	101.412230
85.300000	101.461696	101.477258	101.477258	101.405187
85.400000	101.454388	101.469890	101.469890	101.398178
85.500000	101.447116	101.462559	101.462559	101.391205
85.600000	101.439880	101.455265	101.455265	101.384266
85.700000	101.432681	101.448007	101.448007	101.377362
85.800000	101.425517	101.440785	101.440785	101.370493
85.900000	101.418390	101.433599	101.433599	101.363657
86.000000	101.411298	101.426449	101.426449	101.356856
86.100000	101.404241	101.419334	101.419334	101.350089
86.200000	101.397220	101.412255	101.412255	101.343355
86.300000	101.390234	101.405212	101.405212	101.336655
86.400000	101.383283	101.398203	101.398203	101.329988
86.500000	101.376366	101.391230	101.391230	101.323355
86.600000	101.369484	101.384291	101.384291	101.316755
86.700000	101.362637	101.377387	101.377387	101.310187
86.800000	101.355824	101.370517	101.370517	101.303653
86.900000	101.349045	101.363682	101.363682	101.297151
87.000000	101.342300	101.356880	101.356880	101.290681
87.100000	101.335588	101.350113	101.350113	101.284244
87.200000	101.328910	101.343379	101.343379	101.277839
87.300000	101.322266	101.336679	101.336679	101.271466
87.400000	101.315654	101.330012	101.330012	101.265124
87.500000	101.309076	101.323379	101.323379	101.258814
87.600000	101.302531	101.316779	101.316779	101.252536
87.700000	101.296018	101.310211	101.310211	101.246289
87.800000	101.289538	101.303676	101.303676	101.240073
87.900000	101.283090	101.297174	101.297174	101.233888
88.000000	101.276675	101.290705	101.290705	101.227734
88.100000	101.270291	101.284267	101.284267	101.221611
88.200000	101.263940	101.277862	101.277862	101.215518
88.300000	101.257620	101.271489	101.271489	101.209455
88.400000	101.251332	101.265147	101.265147	101.203423
88.500000	101.245075	101.258837	101.258837	101.197421
88.600000	101.238850	101.252559	101.252559	101.191449
88.700000	101.232656	101.246312	101.246312	101.185507
88.800000	101.226492	101.240096	101.240096	101.179594
88.900000	101.220360	101.233911	101.233911	101.173711
89.000000	101.214258	101.227757	101.227757	101.167857
89.100000	101.208187	101.221633	101.221633	101.162032
89.200000	101.202146	101.215540	101.215540	101.156236
89.300000	101.196135	101.209478	101.209478	101.150470
89.400000	101.190155	101.203445	101.203445	101.144732
89.500000	101.184204	101.197443	101.197443	101.139022
89.600000	101.178283	101.191471	101.191471	101.133341
89.700000	101.172391	101.185529	101.185529	101.127689
89.800000	101.166529	101.179616	101.179616	101.122064
89.900000	101.160697	101.173732	101.173732	101.116468
90.000000	101.154893	101.167878	101.167878	101.110900
90.100000	101.149119	101.162054	101.162054	101.105359
90.200000	101.143373	101.156258	101.156258	101.099846
90.300000	101.137656	101.150491	101.150491	101.094361
90.400000	101.131968	101.144753	101.144753	101.088902
90.500000	101.126308	101.139044	101.139044	101.083471
90.600000	101.120677	101.133363	101.133363	101.078068
90.700000	101.115073	101.127710	101.127710	101.072691
90.800000	101.109498	101.122085	101.122085	101.067341
90.900000	101.103950	101.116489	101.116489	101.062017
91.000000	101.098431	101.110921	101.110921	101.056720
91.100000	101.092939	101.105380	101.105380	101.051450
91.200000	101.087474	101.099867	101.099867	101.046206
91.300000	101.082037	101.094381	101.094381	101.040988
91.400000	101.076626	101.088923	101.088923	101.035796
91.500000	101.071243	101.083492	101.083492	101.030630
91.600000	101.065887	101.078088	101.078088	101.025490
91.700000	101.060558	101.072711	101.072711	101.020375
91.800000	101.055255	101.067361	101.067361	101.015286
91.900000	101.049978	101.062037	101.062037	101.010222
92.000000	101.044729	101.056741	101.056741	101.005184
92.100000	101.039505	101.051470	101.051470	101.000170
92.200000	101.034307	101.046226	101.046226	100.995182
92.300000	101.029136	101.041008	101.041008	100.990218
92.400000	101.023990	101.035816	101.035816	100.985280
92.500000	101.018870	101.030650	101.030650	100.980366
92.600000	101.013776	101.025509	101.025509	100.975476
92.700000	101.008707	101.020395	101.020395	100.970611
92.800000	101.003663	101.015305	101.015305	100.965770
92.900000	100.998645	101.010241	101.010241	100.960953
93.000000	100.993652	101.005203	101.005203	100.956160
93.100000	100.988684	101.000189	101.000189	100.951391
93.200000	100.983740	100.995201	100.995201	100.946646
93.300000	100.978822	100.990237	100.990237	100.941925
93.400000	100.973927	100.985299	100.985299	100.937227
93.500000	100.969058	100.980384	100.980384	100.932553
93.600000	100.964213	100.975495	100.975495	100.927901
93.700000	100.959391	100.970630	100.970630	100.923273
93.800000	100.954595	100.965789	100.965789	100.918669
93.900000	100.949822	100.960972	100.960972	100.914087
94.000000	100.945072	100.956179	100.956179	100.909528
94.100000	100.940347	100.951410	100.951410	100.904991
94.200000	100.935645	100.946665	100.946665	100.900478
94.300000	100.930967	100.941943	100.941943	100.895987
94.400000	100.926312	100.937245	100.937245	100.891518
94.500000	100.921681	100.932571	100.932571	100.887071
94.600000	100.917072	100.927920	100.927920	100.882647
94.700000	100.912487	100.923292	100.923292	100.878245
94.800000	100.907925	100.918687	100.918687	100.873865
94.900000	100.903385	100.914105	100.914105	100.869506
95.000000	100.898868	100.909546	100.909546	100.865170
95.100000	100.894374	100.905009	100.905009	100.860854
95.200000	100.889902	100.900495	100.900495	100.856561
95.300000	100.885452	100.896004	100.896004	100.852289
95.400000	100.881025	100.891535	100.891535	100.848038
95.500000	100.876620	100.887089	100.887089	100.843808
95.600000	100.872237	100.882665	100.882665	100.839600
95.700000	100.867876	100.878262	100.878262	100.835412
95.800000	100.863536	100.873882	100.873882	100.831246
95.900000	100.859219	100.869523	100.869523	100.827100
96.000000	100.854922	100.865187	100.865187	100.822975
96.100000	100.850648	100.860872	100.860872	100.818870
96.200000	100.846395	100.856578	100.856578	100.814786
96.300000	100.842163	100.852306	100.852306	100.810722
96.400000	100.837952	100.848055	100.848055	100.806679
96.500000	100.833762	100.843825	100.843825	100.802655
96.600000	100.829593	100.839617	100.839617	100.798652
96.700000	100.825445	100.835429	100.835429	100.794669
96.800000	100.821318	100.831262	100.831262	100.790705
96.900000	100.817211	100.827116	100.827116	100.786762
97.000000	100.813125	100.822991	100.822991	100.782838
97.100000	100.809060	100.818887	100.818887	100.778933
97.200000	100.805014	100.814802	100.814802	100.775048
97.300000	100.800989	100.810739	100.810739	100.771183
97.400000	100.796984	100.806695	100.806695	100.767337
97.500000	100.793000	100.802672	100.802672	100.763509
97.600000	100.789035	100.798668	100.798668	100.759701
97.700000	100.785089	100.794685	100.794685	100.755912
97.800000	100.781164	100.790721	100.790721	100.752142
97.900000	100.777258	100.786778	100.786778	100.748391
98.000000	100.773372	100.782854	100.782854	100.744658
98.100000	100.769505	100.778949	100.778949	100.740944
98.200000	100.765657	100.775064	100.775064	100.737249
98.300000	100.761829	100.771199	100.771199	100.733572
98.400000	100.758020	100.767352	100.767352	100.729913
98.500000	100.754230	100.763525	100.763525	100.726273
98.600000	100.750459	100.759717	100.759717	100.722650
98.700000	100.746706	100.755928	100.755928	100.719046
98.800000	100.742973	100.752158	100.752158	100.715460
98.900000	100.739258	100.748406	100.748406	100.711891
99.000000	100.735562	100.744674	100.744674	100.708341
99.100000	100.731884	100.740960	100.740960	100.704808
99.200000	100.728225	100.737264	100.737264	100.701293
99.300000	100.724583	100.733587	100.733587	100.697795
99.400000	100.720960	100.729928	100.729928	100.694315
99.500000	100.717356	100.726288	100.726288	100.690852
99.600000	100.713769	100.722665	100.722665	100.687406
99.700000	100.710200	100.719061	100.719061	100.683978
99.800000	100.706649	100.715475	100.715475	100.680566
99.900000	100.703116	100.711906	100.711906	100.677172
